1.10-01	1.59	-6.51	9.1 7.776 1.324 0.681726045 5.87311178248 11.4063413845
1.10-02	3.5	-5.08	9.046 7.878 1.168 0.604513224 6.7448630137 13.031972978
1.10-03	3.3	-5.26	9.076 7.889 1.187 0.612464948 6.64616680708 12.8807371357
1.10-04	3.9	-4.98	9.444 8.228 1.216 0.632077847 6.76644736842 13.0173839173
1.10-05	2.14	-6.67	9.352 8.033 1.319 0.672619186 6.09021986353 11.9428647996
1.10-06	2.82	-5.23	9.447 8.175 1.272 0.649420292 6.42688679245 12.5881499249
1.10-07	2.47	-6.77	8.998 7.776 1.222 0.638239792 6.36333878887 12.1835086083
1.10-08	4.73	-5.59	9.439 8.306 1.133 0.582391156 7.33097969991 14.2618923973
1.10-09	4.08	-5.08	9.605 8.405 1.2 0.627736242 7.00416666667 13.3893814594
1.10-10	3.35	-5.38	9.504 8.278 1.226 0.628211488 6.75203915171 13.1770910882
1.10-11	2.73	-6.66	9.425 8.127 1.298 0.667039443 6.26117103236 12.1836873146
1.10-12	1.43	-7.45	9.551 8.002 1.549 0.844458038 5.16591349258 9.47590009203
1.10-13	4.53	-5.66	9.775 8.586 1.189 0.616519365 7.22119428091 13.9265698491
1.10-14	3.14	-5.26	9.392 8.242 1.15 0.582379204 7.16695652174 14.1522910561
1.10-15	5.14	-6.31	9.723 8.59 1.133 0.578751769 7.58164165931 14.8422872466
1.10-16	3.37	-5.38	9.952 8.681 1.271 0.645912273 6.83005507474 13.4399056387
1.10-17	5.06	-6.9	9.636 8.576 1.06 0.542819803 8.09056603774 15.7989814532
1.10-18	3.7	-5.59	9.702 8.463 1.239 0.646807351 6.83050847458 13.0842668793
1.10-19	5.31	-6.24	10.04 8.893 1.147 0.596894219 7.75326939843 14.8987872841
1.1-01	0.12	-7.13	7.663 6.354 1.309 0.672696674 4.85408708938 9.44556476282
1.10-20	4.58	-6.23	9.913 8.75 1.163 0.592874397 7.52364574377 14.7586066193
1.10-21	3.96	-5.74	9.819 8.544 1.275 0.651000731 6.70117647059 13.1244092259
1.10-22	4.86	-6.46	9.893 8.776 1.117 0.575352135 7.85675917637 15.253267462
1.10-23	2.66	-6.3	10.217 8.726 1.491 0.815371665 5.85244802146 10.7018680861
1.10-24	5.46	-6.95	9.973 8.899 1.074 0.550756062 8.28584729981 16.1577885638
1.10-25	3.69	-5.4	10.04 8.81 1.23 0.624905465 7.16260162602 14.0981324271
1.10-26	4.03	-5.69	9.704 8.577 1.127 0.590767252 7.61047027507 14.5184080041
1.10-27	4.05	-6.17	10.167 8.994 1.173 0.599790681 7.66751918159 14.9952313114
1.10-28	5.63	NA	9.913 8.853 1.06 0.544592996 8.35188679245 16.2561767504
1.10-29	4.9	-6.79	10.091 8.97 1.121 0.569773716 8.00178412132 15.743091947
1.1-02	2.03	-5.32	7.935 6.716 1.219 0.637818736 5.50943396226 10.5296373733
1.10-30	5.97	-7.8	10.333 9.218 1.115 0.578265114 8.26726457399 15.9407852503
1.10-31	4.28	-5.68	10.077 8.876 1.201 0.611737492 7.39050791007 14.5094915974
1.10-32	2.99	-6.01	10.069 8.679 1.39 0.757738994 6.24388489209 11.4538120233
1.10-33	5.76	-7.34	9.991 9.009 0.982 0.503722642 9.17413441955 17.88484227
1.10-34	6.37	-7.83	10.36 9.269 1.091 0.563777879 8.49587534372 16.4408720974
1.10-35	4.6	-6.29	9.926 8.763 1.163 0.5846334 7.53482373173 14.9888802111
1.10-36	4.93	-6.41	10.226 9.061 1.165 0.614980489 7.77768240343 14.7338007662
1.10-37	6.54	-7.8	10.648 9.533 1.115 0.581443172 8.54977578475 16.3954113817
1.10-38	5.81	-7.68	10.187 9.103 1.084 0.559836308 8.39760147601 16.2601100892
1.10-39	5.19	-6.58	10.499 9.31 1.189 0.61529647 7.83010933558 15.1309172959
1.1-03	1.83	-5.45	7.875 6.677 1.198 0.626439627 5.5734557596 10.6586488342
1.10-40	3.9	-6.06	10.127 8.846 1.281 0.697982375 6.90554254489 12.6736724548
1.1-04	2.44	-5.04	8.132 6.932 1.2 0.621608384 5.77666666667 11.1517157401
1.1-05	0.67	-7.27	8.052 6.716 1.336 0.677820571 5.02694610778 9.90822687794
1.1-06	1.35	-5.55	7.992 6.784 1.208 0.621387902 5.61589403974 10.9174961054
1.1-07	1	-7.4	7.774 6.608 1.166 0.619836151 5.66723842196 10.6608818949
1.1-08	3.26	-4.94	8.356 7.23 1.126 0.586028302 6.42095914742 12.3372881059
1.1-09	2.61	-5.16	8.305 7.177 1.128 0.588430562 6.36258865248 12.1968511894
1.1-10	1.88	-5.46	8.406 7.139 1.267 0.648675842 5.63456985004 11.005496949
1.1-11	1.26	-7.33	8.278 6.959 1.319 0.681887888 5.27596664139 10.2054899676
1.1-12	-0.04	-8.28	8.312 6.809 1.503 0.823396163 4.53027278776 8.26940943615
1.1-13	3.06	-4.99	8.255 7.171 1.084 0.563870903 6.61531365314 12.7174499728
1.1-14	1.67	-5.4	8.38 7.245 1.135 0.580400336 6.38325991189 12.4827632767
1.1-15	3.67	-5.17	8.588 7.459 1.129 0.582336435 6.6067316209 12.8087468887
1.1-16	1.9	-5.75	8.511 7.273 1.238 0.624415483 5.87479806139 11.6476932395
1.1-17	3.59	-5.1	8.641 7.58 1.061 0.549795302 7.14420358153 13.7869493836
1.1-18	2.23	-6.14	8.008 6.907 1.101 0.585778441 6.27338782925 11.7911474997
1.1-19	3.84	-5.11	8.755 7.671 1.084 0.563082089 7.07656826568 13.62323567
1.1-20	3.11	-5.19	8.654 7.56 1.094 0.560230626 6.91042047532 13.4944425548
1.1-21	2.49	-6	8.884 7.569 1.315 0.674781264 5.75589353612 11.2169682293
1.1-22	3.39	-5.16	8.557 7.504 1.053 0.548440894 7.12630579297 13.682422449
1.1-23	1.2	-7.02	8.642 7.209 1.433 0.787545293 5.03070481507 9.15375923655
1.1-24	3.99	-5.54	8.829 7.764 1.065 0.547279875 7.29014084507 14.1865256785
1.1-25	2.22	-5.5	8.779 7.57 1.209 0.608622537 6.26137303557 12.4379225871
1.1-26	2.56	-5.87	8.454 7.438 1.016 0.538060629 7.32086614173 13.8237209696
1.1-27	2.58	-5.17	8.704 7.576 1.128 0.575987057 6.71631205674 13.1530733337
1.1-28	4.16	-5.38	8.854 7.806 1.048 0.545714028 7.44847328244 14.3041952369
1.1-29	3.44	-5.47	8.897 7.846 1.051 0.534913527 7.46527117031 14.6677913419
1.1-30	4.5	-6.49	8.883 7.818 1.065 0.54967743 7.34084507042 14.2228870485
1.1-31	2.81	-5.7	8.713 7.587 1.126 0.580924057 6.73801065719 13.0602269067
1.1-32	1.52	-6.6	8.875 7.541 1.334 0.730200727 5.65292353823 10.3272973049
1.1-33	4.3	-6.08	8.833 7.816 1.017 0.526094518 7.68534906588 14.8566459687
1.1-34	4.9	-6.58	8.929 7.829 1.1 0.570047489 7.11727272727 13.733943489
1.1-35	3.13	-5.23	8.848 7.663 1.185 0.596804622 6.46666666667 12.8400480116
1.1-36	3.47	-5.51	8.917 7.848 1.069 0.56632024 7.34144059869 13.8578836596
1.1-37	5.07	-7.08	9.2 8.194 1.006 0.521956773 8.14512922465 15.6986180156
1.1-38	4.34	-6.32	9.275 8.171 1.104 0.559383313 7.40126811594 14.6071572214
1.1-39	3.72	-5.47	9.262 8.081 1.181 0.606698045 6.84250635055 13.3196407448
1.1-40	2.43	-5.85	9.095 7.817 1.278 0.700932344 6.11658841941 11.1522889005
1.2-01	0.64	-6.56	7.877 6.548 1.329 0.687901972 4.92701279157 9.51879812317
1.2-02	2.56	-5.05	8.14 6.946 1.194 0.62379822 5.81742043551 11.1350109335
1.2-03	2.36	-5.12	8.088 6.912 1.176 0.613501143 5.87755102041 11.2664826771
1.2-04	2.96	-4.93	8.37 7.185 1.185 0.613662252 6.06329113924 11.7083949299
1.2-05	1.19	-6.69	8.132 6.85 1.282 0.653182127 5.34321372855 10.4871209986
1.2-06	1.87	-5.16	8.306 7.072 1.234 0.633538647 5.73095623987 11.1626970722
1.2-07	1.53	-6.94	7.996 6.831 1.165 0.618099468 5.8635193133 11.051619284
1.2-08	3.79	-5.23	8.491 7.354 1.137 0.595474307 6.46789797713 12.3498191501
1.2-09	3.13	-4.96	8.456 7.289 1.167 0.610785092 6.24592973436 11.9338210698
1.2-10	2.4	-5.22	8.378 7.184 1.194 0.612419892 6.01675041876 11.730513809
1.2-11	1.78	-6.86	8.48 7.185 1.295 0.671010595 5.54826254826 10.7077295851
1.2-12	0.49	-7.96	8.625 7.093 1.532 0.840477831 4.62989556136 8.43924698354
1.2-13	3.59	-5.2	8.401 7.334 1.067 0.55485282 6.87347703843 13.2179196638
1.2-14	2.2	-5.12	8.602 7.433 1.169 0.598509825 6.35842600513 12.4191779141
1.2-15	4.19	-5.7	8.503 7.399 1.104 0.575212477 6.70199275362 12.8630728572
1.2-16	2.42	-5.34	8.737 7.49 1.247 0.629474408 6.00641539695 11.8988157498
1.2-17	4.11	-5.56	8.854 7.795 1.059 0.551729538 7.36071765817 14.1282992175
1.2-18	2.76	-5.62	8.286 7.193 1.093 0.580952698 6.58096980787 12.3813866856
1.2-19	4.36	-5.57	8.915 7.841 1.074 0.56091035 7.30074487896 13.9790610032
1.2-20	3.64	-5.59	8.803 7.692 1.111 0.570187048 6.92349234923 13.4903099377
1.2-21	3.01	-5.59	8.713 7.462 1.251 0.647400714 5.96482813749 11.5260917059
1.2-22	3.91	-5.63	8.797 7.72 1.077 0.559647913 7.16805942433 13.7943871864
1.2-23	1.72	-6.54	8.998 7.592 1.406 0.769807609 5.39971550498 9.86220441477
1.2-24	4.52	-6.23	9.071 7.962 1.109 0.571927976 7.17944093778 13.9213333394
1.2-25	2.75	-5.19	8.905 7.719 1.186 0.596381643 6.5084317032 12.9430543187
1.2-26	3.08	-5.58	8.619 7.594 1.025 0.543644342 7.4087804878 13.9686913177
1.2-27	3.11	-5.34	8.88 7.736 1.144 0.585189251 6.76223776224 13.2196549865
1.2-28	4.69	-6.04	9.092 8.078 1.014 0.526603276 7.96646942801 15.3398210155
1.2-29	3.96	-6.05	9.125 8.053 1.072 0.547492145 7.51212686567 14.708886828
1.2-30	5.02	-7.2	9.211 8.155 1.056 0.546328552 7.72253787879 14.9269152603
1.2-31	3.34	-5.43	9.376 8.119 1.257 0.644901434 6.45902943516 12.5895207732
1.2-32	2.04	-6.24	9.128 7.78 1.348 0.738686568 5.77151335312 10.5322072135
1.2-33	4.82	-6.74	9.023 8.031 0.992 0.512600031 8.09576612903 15.6671859429
1.2-34	5.42	-7.24	9.176 8.111 1.065 0.549081436 7.61596244131 14.771943592
1.2-35	3.66	-5.37	9.065 7.892 1.173 0.592019891 6.72804774084 13.3306331763
1.2-36	3.99	-5.43	9.043 7.995 1.048 0.553504941 7.62881679389 14.4443155025
1.2-37	5.6	-7.44	9.523 8.506 1.017 0.525558651 8.36381514258 16.1846826873
1.2-38	4.87	-7.29	9.271 8.24 1.031 0.522399007 7.99224054316 15.7733837346
1.2-39	4.25	-5.53	9.443 8.314 1.129 0.579811997 7.36403897254 14.3391306889
1.2-40	2.95	-5.76	9.342 8.07 1.272 0.695267871 6.34433962264 11.6070371386
1.3-01	0.96	-6.08	7.952 6.596 1.356 0.700401366 4.86430678466 9.41745736116
1.3-02	2.88	-4.9	8.374 7.114 1.26 0.657238885 5.64603174603 10.8240704596
1.3-03	2.67	-4.98	8.268 7.017 1.251 0.655853095 5.60911270983 10.6990422909
1.3-04	3.28	-4.96	8.435 7.212 1.223 0.637947878 5.89697465249 11.3049988074
1.3-05	1.51	-6.26	8.499 7.152 1.347 0.683950903 5.30957683742 10.4568909386
1.3-06	2.19	-5.01	8.312 7.058 1.254 0.647978356 5.6283891547 10.8923391262
1.3-07	1.85	-6.54	8.215 6.979 1.236 0.656676206 5.64644012945 10.6277643932
1.3-08	4.11	-5.54	8.715 7.525 1.19 0.623864224 6.32352941176 12.0619194217
1.3-09	3.45	-4.96	8.849 7.632 1.217 0.63455464 6.27115858669 12.0273330599
1.3-10	2.72	-5.05	8.554 7.334 1.22 0.628049805 6.01147540984 11.6774178443
1.3-11	2.1	-6.43	8.659 7.318 1.341 0.693401902 5.45712155108 10.5537639555
1.3-12	0.81	-7.62	8.568 7.13 1.438 0.791369006 4.95827538248 9.00970336966
1.3-13	3.91	-5.44	8.593 7.448 1.145 0.601539973 6.50480349345 12.3815545671
1.3-14	2.52	-5.06	8.747 7.631 1.116 0.572398332 6.83781362007 13.3316251523
1.3-15	4.51	-6.2	9.037 7.884 1.153 0.595739225 6.83781439722 13.2339783401
1.3-16	2.74	-5.07	8.846 7.606 1.24 0.627507453 6.13387096774 12.1209715735
1.3-17	4.43	-5.97	9.025 7.914 1.111 0.578965521 7.12331233123 13.6692077731
1.3-18	3.08	-5.29	8.423 7.264 1.159 0.617535545 6.26747195858 11.762885649
1.3-19	4.68	-6.02	9.146 7.999 1.147 0.598867707 6.97384481255 13.3568731566
1.3-20	3.95	-5.89	9.024 7.865 1.159 0.596460672 6.78602243313 13.1861166531
1.3-21	3.33	-5.3	8.928 7.649 1.279 0.66221597 5.98045347928 11.5506124082
1.3-22	4.23	-6.06	9.056 7.967 1.089 0.565024945 7.31588613407 14.1002624229
1.3-23	2.04	-6.27	9.075 7.544 1.531 0.842904958 4.92749836708 8.95000074255
1.3-24	4.84	-6.82	9.254 8.124 1.13 0.583718375 7.18938053097 13.9176704862
1.3-25	3.07	-5.07	9.173 7.951 1.222 0.616737209 6.50654664484 12.8920387549
1.3-26	3.4	-5.35	9.009 7.893 1.116 0.589872313 7.07258064516 13.3808619697
1.3-27	3.42	-5.65	9.068 7.958 1.11 0.565442844 7.16936936937 14.0739246848
1.3-28	5.01	-6.57	9.253 8.21 1.043 0.545620386 7.87152444871 15.0470917338
1.3-29	4.28	-6.33	9.258 8.174 1.084 0.553856694 7.5405904059 14.7583302478
1.3-30	5.34	-8.59	9.297 8.229 1.068 0.555731811 7.70505617978 14.8075021748
1.3-31	3.66	-5.22	9.161 7.944 1.217 0.627532661 6.52752670501 12.6591020575
1.3-32	2.36	-6.03	9.442 8.187 1.255 0.691865143 6.5235059761 11.8332309162
1.3-33	5.14	-7.78	9.255 8.256 0.999 0.514894994 8.26426426426 16.0343372847
1.3-34	5.74	-8.71	9.49 8.452 1.038 0.534640935 8.14258188825 15.8087408702
1.3-35	3.97	-5.53	9.264 8.066 1.198 0.604333787 6.73288814691 13.3469287561
1.3-36	4.31	-5.53	9.263 8.219 1.044 0.553572433 7.87260536398 14.8471988669
1.3-37	5.92	-8.95	9.724 8.695 1.029 0.53412764 8.44995140914 16.2788804564
1.3-38	5.19	-7.97	9.444 8.439 1.005 0.507849691 8.39701492537 16.6171214624
1.3-39	4.57	-5.65	9.735 8.5 1.235 0.636781227 6.88259109312 13.3483834629
1.3-40	3.27	-5.69	9.623 8.309 1.314 0.719540027 6.32343987823 11.5476550132
1.4-01	0.43	-6.32	8.725 7.352 1.373 0.704463004 5.35469774217 10.4363181008
1.4-02	2.34	-4.88	8.987 7.728 1.259 0.652532349 6.13820492454 11.8430910159
1.4-03	2.14	-4.97	8.859 7.668 1.191 0.617322656 6.43828715365 12.4213811456
1.4-04	2.75	-4.81	8.933 7.71 1.223 0.633604608 6.30417007359 12.1684721081
1.4-05	0.98	-6.47	9.063 7.728 1.335 0.672199926 5.78876404494 11.4965796649
1.4-06	1.66	-5.05	9.218 7.918 1.3 0.662969939 6.09076923077 11.9432262825
1.4-07	1.31	-6.74	8.824 7.583 1.241 0.654116836 6.11039484287 11.5927302015
1.4-08	3.57	-5.24	9.276 8.137 1.139 0.589126888 7.14398595259 13.8119650719
1.4-09	2.92	-4.88	9.319 8.103 1.216 0.632498372 6.66365131579 12.8111001683
1.4-10	2.19	-5.06	9.043 7.868 1.175 0.599680757 6.69617021277 13.1203142808
1.4-11	1.57	-6.67	9.545 8.113 1.432 0.734212016 5.6655027933 11.0499417378
1.4-12	0.27	-7.72	9.334 7.786 1.548 0.84259085 5.02971576227 9.2405465832
1.4-13	3.37	-5.17	9.37 8.202 1.168 0.603194053 7.02226027397 13.5976141661
1.4-14	1.98	-5.08	9.404 8.223 1.181 0.598883295 6.96274343776 13.7305549656
1.4-15	3.98	-5.76	9.707 8.516 1.191 0.61077568 7.1502938707 13.9429258218
1.4-16	2.21	-5.14	9.239 7.993 1.246 0.628763588 6.41492776886 12.7122501248
1.4-17	3.9	-5.47	9.521 8.479 1.042 0.533855998 8.13723608445 15.8825601506
1.4-18	2.54	-5.48	9.205 7.984 1.221 0.644923161 6.5389025389 12.3797693784
1.4-19	4.15	-5.6	9.65 8.536 1.114 0.575453269 7.66247755835 14.8335242145
1.4-20	3.42	-5.5	9.887 8.692 1.195 0.606617206 7.27364016736 14.3286407211
1.4-21	2.8	-5.43	9.698 8.352 1.346 0.69065498 6.20505200594 12.0928687143
1.4-22	3.7	-5.52	9.579 8.511 1.068 0.549658856 7.9691011236 15.4841496814
1.4-23	1.5	-6.47	9.654 8.193 1.461 0.795835406 5.60780287474 10.2948422981
1.4-24	4.3	-6.11	9.17 8.152 1.018 0.527847171 8.00785854617 15.4438641483
1.4-25	2.53	-5.11	9.867 8.599 1.268 0.63644675 6.78154574132 13.5109496592
1.4-26	2.87	-5.51	9.475 8.413 1.062 0.557410496 7.92184557439 15.0930060707
1.4-27	2.89	-5.26	9.525 8.466 1.059 0.53544506 7.99433427762 15.8111459652
1.4-28	4.47	-5.86	10.082 9.0 1.082 0.556691327 8.3179297597 16.1669484748
1.4-29	3.75	-5.75	9.817 8.752 1.065 0.540573157 8.21784037559 16.1902230747
1.4-30	4.81	-7.19	9.976 8.876 1.1 0.567237902 8.06909090909 15.6477554985
1.4-31	3.12	-5.33	9.77 8.541 1.229 0.631636868 6.94955248169 13.522009928
1.4-32	1.83	-6.23	9.834 8.483 1.351 0.735442091 6.27905255366 11.534558742
1.4-33	4.6	-6.55	9.954 8.864 1.09 0.560288106 8.13211009174 15.8204322117
1.4-34	5.21	-6.98	9.76 8.726 1.034 0.532070146 8.43907156673 16.4000932313
1.4-35	3.44	-5.28	9.859 8.647 1.212 0.607505513 7.13448844884 14.2336156874
1.4-36	3.78	-5.32	9.813 8.685 1.128 0.591445932 7.69946808511 14.6843515698
1.4-37	5.38	-7	10.299 9.208 1.091 0.565085958 8.43996333639 16.2948660635
1.4-38	4.65	-6.8	10.077 8.992 1.085 0.548007678 8.28755760369 16.408529225
1.4-39	4.03	-5.44	9.965 8.81 1.155 0.592446012 7.62770562771 14.870553302
1.4-40	2.74	-5.82	10.235 8.838 1.397 0.759082188 6.32641374374 11.6430080164
1.5-01	-0.41	-8.12	8.616 7.173 1.443 0.734448488 4.97089397089 9.76651203889
1.5-02	1.51	-6.42	8.978 7.59 1.388 0.715666245 5.46829971182 10.6055022897
1.5-03	1.31	-6.49	8.833 7.541 1.292 0.66522206 5.8366873065 11.3360642309
1.5-04	1.91	-5.92	8.816 7.533 1.283 0.660316501 5.87139516758 11.4081656124
1.5-05	0.14	-8.28	9.018 7.569 1.449 0.728745444 5.22360248447 10.3863428064
1.5-06	0.83	-6.64	8.946 7.623 1.323 0.6730825 5.7619047619 11.3255061601
1.5-07	0.48	-7.48	8.816 7.47 1.346 0.703194353 5.54977711738 10.6229522011
1.5-08	2.74	-5.27	9.262 8.025 1.237 0.634662416 6.48746968472 12.6445174595
1.5-09	2.09	-5.86	9.315 8.001 1.314 0.678728459 6.08904109589 11.7882194181
1.5-10	1.36	-6.21	9.214 7.831 1.383 0.704154178 5.66232827187 11.1211439833
1.5-11	0.74	-8.2	9.377 7.903 1.474 0.753236959 5.36160108548 10.4920502182
1.5-12	-0.56	-9	9.175 7.599 1.576 0.851545911 4.82170050761 8.92377017121
1.5-13	2.54	-5.4	9.232 7.913 1.319 0.681905842 5.99924184989 11.6042413961
1.5-14	1.15	-6.38	9.446 8.152 1.294 0.655192964 6.29984544049 12.4421360544
1.5-15	3.15	-5.18	9.349 8.03 1.319 0.678549004 6.08794541319 11.8340752881
1.5-16	1.38	-6.87	9.511 8.135 1.376 0.688300437 5.91206395349 11.8189667806
1.5-17	3.07	-5.28	9.562 8.352 1.21 0.618852804 6.90247933884 13.4959394965
1.5-18	1.71	-6.58	9.086 7.847 1.239 0.646260943 6.33333333333 12.1421541639
1.5-19	3.32	-5.31	9.53 8.357 1.173 0.602877037 7.12446717818 13.8618648366
1.5-20	2.59	-5.6	9.545 8.318 1.227 0.621256048 6.77913610432 13.3890044641
1.5-21	1.97	-7.04	9.504 8.119 1.385 0.706792359 5.86209386282 11.4871077716
1.5-22	2.87	-5.42	9.482 8.316 1.166 0.597255704 7.1320754717 13.9236845196
1.5-23	0.67	-7.77	9.619 8.082 1.537 0.830885575 5.25829538061 9.72697112957
1.5-24	3.47	-5.32	9.494 8.363 1.131 0.576911716 7.39434129089 14.4961521288
1.5-25	1.7	-6.45	9.631 8.302 1.329 0.66646074 6.24680210685 12.4568477957
1.5-26	2.04	-6.65	9.482 8.284 1.198 0.623548639 6.91485809683 13.2852507116
1.5-27	2.06	-5.73	9.721 8.455 1.266 0.638544851 6.6785150079 13.241043267
1.5-28	3.64	-5.49	9.748 8.62 1.128 0.578740642 7.64184397163 14.8944092991
1.5-29	2.91	-5.76	9.862 8.641 1.221 0.615427403 7.07698607699 14.0406487554
1.5-30	3.97	-5.79	9.627 8.468 1.159 0.596094458 7.30629853322 14.2058022623
1.5-31	2.29	-6.63	9.776 8.418 1.358 0.693262435 6.19882179676 12.142587821
1.5-32	1	-7.35	9.889 8.422 1.467 0.793158436 5.74096796183 10.6183072861
1.5-33	3.77	-5.92	9.648 8.545 1.103 0.563645692 7.74705349048 15.1602329642
1.5-34	4.38	-6.42	9.987 8.73 1.257 0.643846709 6.94510739857 13.5591280936
1.5-35	2.61	-5.84	9.783 8.444 1.339 0.672005088 6.30619865571 12.5653810526
1.5-36	2.94	-6.02	9.735 8.509 1.226 0.647033805 6.94045676998 13.1507812022
1.5-37	4.55	-6.37	9.888 8.8 1.088 0.56153012 8.08823529412 15.6714656731
1.5-38	3.82	-6.5	10.068 8.877 1.191 0.60002846 7.45340050378 14.7942982571
1.5-39	3.2	-6.05	9.851 8.663 1.188 0.608266603 7.29208754209 14.242110215
1.5-40	1.91	-6.47	10.065 8.581 1.484 0.797166882 5.78234501348 10.7643709163
1.6-01	2.02	-5.25	8.333 7.154 1.179 0.608067251 6.06785411366 11.7651460233
1.6-02	3.93	-5.27	8.64 7.508 1.132 0.593647107 6.63250883392 12.6472443165
1.6-03	3.73	-5.48	8.722 7.581 1.141 0.59633807 6.64417177914 12.712587677
1.6-04	4.34	-6.01	8.669 7.579 1.09 0.57066425 6.95321100917 13.2810141865
1.6-05	2.57	-5.39	8.653 7.43 1.223 0.625014549 6.07522485691 11.8877232728
1.6-06	3.25	-5.34	8.804 7.648 1.156 0.592979707 6.61591695502 12.8975745877
1.6-07	2.9	-5.65	8.731 7.526 1.205 0.643251031 6.24564315353 11.6999423822
1.6-08	5.16	-7.39	9.244 8.151 1.093 0.568740039 7.45745654163 14.3316795743
1.6-09	4.51	-6	9.253 8.095 1.158 0.605718662 6.99050086356 13.3642902355
1.6-10	3.78	-6.3	9.085 7.921 1.164 0.599280148 6.80498281787 13.2175244357
1.6-11	3.16	-5.56	8.972 7.76 1.212 0.625876092 6.40264026403 12.3986202688
1.6-12	1.86	-6.44	9.1 7.63 1.47 0.811566995 5.19047619048 9.40156517824
1.6-13	4.96	-6.63	9.188 8.094 1.094 0.570225618 7.39853747715 14.1943815649
1.6-14	3.57	-5.94	9.177 8.071 1.106 0.566810029 7.29746835443 14.2393387327
1.6-15	5.57	-7.1	9.222 8.202 1.02 0.534577018 8.04117647059 15.3429715903
1.6-16	3.8	-5.22	9.312 8.115 1.197 0.608465711 6.77944862155 13.3368238395
1.6-17	5.49	-8.04	9.363 8.31 1.053 0.54636736 7.89173789174 15.2095469246
1.6-18	4.13	-5.36	9.22 8.079 1.141 0.608215059 7.08063102542 13.2831304987
1.6-19	5.74	-7.97	9.652 8.559 1.093 0.569296528 7.8307410796 15.0343442811
1.6-20	5.01	-7.56	9.696 8.523 1.173 0.602238196 7.26598465473 14.1522076424
1.6-21	4.39	-5.52	9.604 8.391 1.213 0.625223699 6.91755976917 13.42079645
1.6-22	5.29	-8.11	9.339 8.373 0.966 0.505181103 8.66770186335 16.5742541641
1.6-23	3.09	-5.68	9.756 8.284 1.472 0.806451046 5.6277173913 10.2721672209
1.6-24	5.89	-8.61	9.283 8.305 0.978 0.510715902 8.4918200409 16.2614869979
1.6-25	4.12	-6	9.253 8.137 1.116 0.567968691 7.29121863799 14.3264939229
1.6-26	4.46	-6.12	9.277 8.214 1.063 0.566597757 7.72718720602 14.4970570365
1.6-27	4.48	-7.82	9.558 8.454 1.104 0.565442878 7.65760869565 14.9511123562
1.6-28	6.06	-8.47	9.414 8.416 0.998 0.521323052 8.43286573146 16.1435408768
1.6-29	5.34	-8.36	9.566 8.559 1.007 0.513667681 8.49950347567 16.662523878
1.6-30	6.4	NA	9.63 8.608 1.022 0.534650272 8.42270058708 16.1002443107
1.6-31	4.71	-6.11	9.465 8.378 1.087 0.562550456 7.70745170193 14.8928863369
1.6-32	3.42	-5.78	9.774 8.41 1.364 0.751530157 6.16568914956 11.190502366
1.6-33	6.19	-9.46	9.431 8.448 0.983 0.516298 8.59409969481 16.3626432797
1.6-34	6.8	NA	9.492 8.525 0.967 0.505726944 8.81592554292 16.8569226954
1.6-35	5.03	-7.82	9.586 8.457 1.129 0.571664368 7.49069973428 14.793645491
1.6-36	5.37	-8.45	9.783 8.693 1.09 0.577596354 7.9752293578 15.0503027587
1.6-37	6.97	NA	10.106 9.104 1.002 0.520977906 9.08582834331 17.4748293453
1.6-38	6.24	-9.41	10.013 8.936 1.077 0.548060263 8.29712163417 16.3047763235
1.6-39	5.62	-7.99	9.888 8.752 1.136 0.58909095 7.70422535211 14.8567890917
1.6-40	4.33	-7.11	10.126 8.761 1.365 0.748354917 6.41831501832 11.7070120086
1.7-01	2.59	-5.19	8.523 7.421 1.102 0.556663644 6.73411978221 13.3312101122
1.7-02	4.5	-5.6	9.283 8.053 1.23 0.640711828 6.54715447154 12.5688330511
1.7-03	4.3	-5.77	9.286 8.051 1.235 0.642406135 6.51902834008 12.5325702252
1.7-04	4.91	-6.24	9.026 7.972 1.054 0.541713401 7.56356736243 14.71626876
1.7-05	3.14	-5.3	9.037 7.766 1.271 0.642811263 6.11014948859 12.0813066712
1.7-06	3.82	-5.75	9.102 8.047 1.055 0.534866466 7.62748815166 15.0448766403
1.7-07	3.47	-5.57	8.972 7.855 1.117 0.590580717 7.03222918532 13.3004681221
1.7-08	5.73	-6.71	9.712 8.634 1.078 0.555943425 8.00927643785 15.5303572481
1.7-09	5.08	-6.12	9.646 8.512 1.134 0.587200085 7.50617283951 14.4959107082
1.7-10	4.35	-6.26	9.567 8.389 1.178 0.604854058 7.12139219015 13.8694613834
1.7-11	3.73	-5.62	9.106 7.982 1.124 0.575587251 7.10142348754 13.8675760906
1.7-12	2.43	-6.22	9.375 7.996 1.379 0.755258492 5.79840464104 10.587103733
1.7-13	5.53	-7.53	9.459 8.425 1.034 0.535227432 8.14796905222 15.7409719612
1.7-14	4.14	-6.3	9.729 8.573 1.156 0.58881245 7.4160899654 14.5598144197
1.7-15	6.14	-8.15	9.399 8.443 0.956 0.487169293 8.83158995816 17.3307310648
1.7-16	4.37	-5.36	9.688 8.508 1.18 0.59217661 7.21016949153 14.3673354474
1.7-17	6.06	-8.51	9.673 8.727 0.946 0.4875505 9.22515856237 17.8996842378
1.7-18	4.7	-5.68	9.578 8.458 1.12 0.593606293 7.55178571429 14.2485012368
1.7-19	6.31	NA	9.694 8.749 0.945 0.486479235 9.2582010582 17.9843236269
1.7-20	5.58	-7.39	9.627 8.654 0.973 0.488120246 8.89414182939 17.7292379714
1.7-21	4.96	-5.83	10.036 8.83 1.206 0.613457993 7.32172470978 14.3938135956
1.7-22	5.86	-8.45	9.8 8.793 1.007 0.519004424 8.73187686197 16.9420521163
1.7-23	3.66	-5.9	9.796 8.53 1.266 0.693378912 6.73775671406 12.3020758958
1.7-24	6.46	-8.53	9.69 8.768 0.922 0.469529115 9.50976138829 18.6740283401
1.7-25	4.69	-5.83	9.711 8.532 1.179 0.583696946 7.23664122137 14.6171743033
1.7-26	5.03	-6.4	9.778 8.762 1.016 0.53676682 8.62401574803 16.3236617345
1.7-27	5.05	-7.74	9.739 8.691 1.048 0.530374448 8.2929389313 16.3865360271
1.7-28	6.63	-8.51	9.71 8.838 0.872 0.447782085 10.1353211009 19.7372791276
1.7-29	5.9	-8.56	9.887 8.922 0.965 0.482188269 9.24559585492 18.5031461228
1.7-30	6.97	-8.11	9.857 8.9 0.957 0.493230579 9.29989550679 18.044298912
1.7-31	5.28	-6.32	9.971 8.843 1.128 0.58130829 7.83953900709 15.2122378988
1.7-32	3.99	-6.12	9.784 8.598 1.186 0.648093758 7.24957841484 13.2665989972
1.7-33	6.76	-8.95	10.196 9.204 0.992 0.51038399 9.27822580645 18.0334810267
1.7-34	7.37	-8.84	10.127 9.073 1.054 0.541481707 8.60815939279 16.7558753744
1.7-35	5.6	-7.61	9.764 8.701 1.063 0.530831087 8.18532455315 16.3912781544
1.7-36	5.93	-7.62	10.462 9.284 1.178 0.621623339 7.88115449915 14.935089173
1.7-37	7.54	-9.27	10.672 9.643 1.029 0.531445351 9.37123420797 18.1448571934
1.7-38	6.81	-7.95	10.582 9.445 1.137 0.5766849 8.30694810906 16.378094866
1.7-39	6.19	-8	9.871 8.846 1.025 0.524523256 8.63024390244 16.8648384963
1.7-40	4.9	-7.28	10.27 8.995 1.275 0.695869681 7.05490196078 12.9262708889
1.8-01	1.12	-5.93	8.374 6.97 1.404 0.680176239 4.96438746439 10.2473441446
1.8-02	3.04	-4.86	8.473 7.221 1.252 0.623077917 5.76757188498 11.5892407723
1.8-03	2.83	-5.11	8.692 7.354 1.338 0.656590251 5.49626307922 11.2002881383
1.8-04	3.44	-5.25	8.626 7.36 1.266 0.623600894 5.81358609795 11.8024205398
1.8-05	1.67	-6.1	8.577 7.175 1.402 0.678362513 5.11768901569 10.5769405922
1.8-06	2.35	-5.04	8.939 7.507 1.432 0.685255147 5.24231843575 10.9550435817
1.8-07	2	-6.27	8.688 7.286 1.402 0.706275344 5.19686162625 10.3160899809
1.8-08	4.27	-6.56	9.139 7.814 1.325 0.642020919 5.89735849057 12.1709429845
1.8-09	3.61	-5.27	9.069 7.76 1.309 0.647684747 5.9281894576 11.9811374839
1.8-10	2.88	-5.56	8.831 7.527 1.304 0.629500263 5.7722392638 11.9571038209
1.8-11	2.26	-6.23	8.763 7.426 1.337 0.652710179 5.55422587883 11.3771781702
1.8-12	0.97	-7.04	9.192 7.449 1.743 0.904455541 4.27366609294 8.23589404048
1.8-13	4.07	-6.67	9.22 7.889 1.331 0.64586616 5.92712246431 12.2146049578
1.8-14	2.68	-5.36	9.186 7.799 1.387 0.663717917 5.62292718097 11.7504738086
1.8-15	4.67	-7.5	9.278 8.018 1.26 0.615992478 6.36349206349 13.0163927099
1.8-16	2.9	-5.02	9.184 7.828 1.356 0.651607331 5.77286135693 12.0133700583
1.8-17	4.59	-7.41	9.343 8.102 1.241 0.601059161 6.52860596293 13.4795383312
1.8-18	3.24	-5.3	9.148 7.838 1.31 0.659063572 5.98320610687 11.8926312013
1.8-19	4.84	-7.44	9.623 8.396 1.227 0.599444204 6.84270578647 14.0063077497
1.8-20	4.11	-7.06	9.487 8.186 1.301 0.63140818 6.29208301307 12.9646720763
1.8-21	3.49	-5.44	9.047 7.591 1.456 0.707201978 5.2135989011 10.7338500685
1.8-22	4.39	-7.51	9.278 8.102 1.176 0.570053625 6.88945578231 14.2126979721
1.8-23	2.2	-5.99	9.545 7.954 1.591 0.827819793 4.99937146449 9.60837137171
1.8-24	5	-7.54	9.246 8.073 1.173 0.571292037 6.88235294118 14.1311264242
1.8-25	3.23	-5.46	9.0 7.589 1.411 0.671940181 5.37845499646 11.294160127
1.8-26	3.56	-5.8	9.318 8.047 1.271 0.630274387 6.33123524784 12.7674552004
1.8-27	3.58	-7.13	9.339 8.063 1.276 0.612926346 6.31896551724 13.154924817
1.8-28	5.17	-8.01	9.64 8.444 1.196 0.585280127 7.0602006689 14.4272795375
1.8-29	4.44	-7.76	9.488 8.267 1.221 0.583041289 6.77067977068 14.1790987293
1.8-30	5.5	-8.89	9.685 8.469 1.216 0.591916078 6.96463815789 14.3077715149
1.8-31	3.82	-5.73	9.22 8.044 1.176 0.575289922 6.84013605442 13.9825150631
1.8-32	2.52	-5.86	9.484 8.026 1.458 0.761975526 5.50480109739 10.5331467037
1.8-33	5.3	-8.53	9.569 8.373 1.196 0.584426457 7.0008361204 14.3268667934
1.8-34	5.9	-9.12	9.594 8.457 1.137 0.551979117 7.43799472296 15.3212317994
1.8-35	4.13	-7.16	9.576 8.235 1.341 0.643335477 6.14093959732 12.8004754819
1.8-36	4.47	-7.42	9.457 8.224 1.233 0.616672723 6.6699107867 13.3360852414
1.8-37	6.08	-9.29	9.95 8.758 1.192 0.581109038 7.34731543624 15.0711818734
1.8-38	5.35	-8.88	9.746 8.526 1.22 0.596622698 6.98852459016 14.2904385445
1.8-39	4.73	-7.6	9.627 8.356 1.271 0.623806771 6.5743509048 13.3951736154
1.8-40	3.43	-6.5	9.848 8.327 1.521 0.791166033 5.47468770546 10.5249715643
1.9-01	1.54	-5.52	8.692 7.145 1.547 0.70784283 4.61861667744 10.0940487029
1.9-02	3.46	-5	8.879 7.466 1.413 0.65725631 5.28379334749 11.3593432066
1.9-03	3.26	-5.1	8.816 7.466 1.35 0.630157415 5.53037037037 11.847833291
1.9-04	3.86	-5.39	9.244 7.777 1.467 0.681395632 5.30129516019 11.4133399669
1.9-05	2.09	-5.66	8.954 7.439 1.515 0.692513956 4.9102310231 10.7420217824
1.9-06	2.77	-5.11	9.003 7.579 1.424 0.649639512 5.32233146067 11.6664701885
1.9-07	2.43	-5.84	8.864 7.464 1.4 0.668538601 5.33142857143 11.1646507604
1.9-08	4.69	-6.58	9.168 7.828 1.34 0.612753035 5.84179104478 12.7751305222
1.9-09	4.03	-5.32	9.479 8.049 1.43 0.66177359 5.62867132867 12.1627700495
1.9-10	3.3	-5.58	9.05 7.654 1.396 0.639832875 5.48280802292 11.962498801
1.9-11	2.68	-5.79	9.181 7.712 1.469 0.683770629 5.2498298162 11.2786359532
1.9-12	1.39	-6.59	9.232 7.529 1.703 0.854143563 4.42102172637 8.81467744551
1.9-13	4.49	-6.49	9.499 8.087 1.412 0.64915069 5.72733711048 12.4578162275
1.9-14	3.1	-5.38	9.192 7.813 1.379 0.62283361 5.66569978245 12.5442812889
1.9-15	5.09	-6.93	9.294 7.994 1.3 0.593137368 6.14923076923 13.4774850335
1.9-16	3.32	-5.05	9.637 8.163 1.474 0.673395425 5.53799185889 12.1221494785
1.9-17	5.01	-6.99	9.438 8.163 1.275 0.58037313 6.40235294118 14.065089471
1.9-18	3.66	-5.16	9.278 7.925 1.353 0.647160943 5.85735402809 12.2457946292
1.9-19	5.26	-6.97	9.527 8.218 1.309 0.598912747 6.27807486631 13.7215312934
1.9-20	4.54	-6.64	9.788 8.353 1.435 0.655712008 5.82090592334 12.7388242065
1.9-21	3.91	-5.33	9.502 8.105 1.397 0.644384442 5.80171796707 12.5778952311
1.9-22	4.81	-6.97	9.752 8.371 1.381 0.636482235 6.06154960174 13.1519774468
1.9-23	2.62	-5.71	9.73 8.1 1.63 0.803799735 4.96932515337 10.0771369376
1.9-24	5.42	-7.35	9.845 8.54 1.305 0.597525997 6.54406130268 14.2922651782
1.9-25	3.65	-5.45	9.73 8.275 1.455 0.642827724 5.68728522337 12.8728113164
1.9-26	3.98	-5.57	9.663 8.329 1.334 0.621436475 6.24362818591 13.4028180435
1.9-27	4.01	-6.9	9.852 8.429 1.423 0.643780437 5.92340126493 13.0929731871
1.9-28	5.59	-7.34	9.831 8.551 1.28 0.583086714 6.68046875 14.6650571771
1.9-29	4.86	-7.14	9.722 8.438 1.284 0.581912405 6.57165109034 14.5004642065
1.9-30	5.92	-7.96	9.847 8.51 1.337 0.615360733 6.36499626028 13.8292866991
1.9-31	4.24	-5.64	9.881 8.478 1.403 0.640446965 6.04276550249 13.2376300667
1.9-32	2.94	-5.71	9.793 8.194 1.599 0.787668408 5.12445278299 10.4028546997
1.9-33	5.72	-7.88	9.875 8.588 1.287 0.602620365 6.67288267288 14.2510948829
1.9-34	6.33	NA	10.065 8.784 1.281 0.590222039 6.85714285714 14.8825347405
1.9-35	4.56	-6.64	9.934 8.526 1.408 0.639001463 6.05539772727 13.3426924564
1.9-36	4.89	-6.93	9.867 8.513 1.354 0.643720483 6.28729689808 13.2246840435
1.9-37	6.5	NA	10.132 8.893 1.239 0.570398533 7.17756255044 15.590853562
1.9-38	5.77	-8.27	10.148 8.825 1.323 0.607595489 6.67044595616 14.5244659642
1.9-39	5.15	-6.85	10.261 8.818 1.443 0.66629901 6.11088011088 13.2342985171
1.9-40	3.85	-6.36	10.289 8.652 1.637 0.811674126 5.28527794746 10.6594502927
2.1-01H	1.83	-6.76	7.708 6.46 1.248 0.663814293 5.17628205128 9.73163739938
2.1-01Me	2.03	-5.54	7.906 6.715 1.191 0.62763606 5.63811922754 10.698875396
2.1-02H	2.23	-6.39	7.839 6.586 1.253 0.668004835 5.25618515563 9.85921007593
2.1-02Me	2.44	-5.15	7.99 6.84 1.15 0.598936477 5.94782608696 11.4202428182
2.1-03H	0.46	-8	7.785 6.425 1.36 0.70845925 4.72426470588 9.06897609143
2.1-03Me	0.67	-7.17	8.011 6.753 1.258 0.634797697 5.3680445151 10.6380348132
2.1-04H	2.14	-6.11	8.738 7.388 1.35 0.71599346 5.47259259259 10.3185300045
2.1-04Me	2.34	-4.99	8.847 7.687 1.16 0.607469651 6.62672413793 12.6541301073
2.1-05H	3.38	-5.23	8.421 7.295 1.126 0.597969425 6.47868561279 12.199620407
2.1-05Me	3.59	-4.89	8.51 7.37 1.14 0.593866769 6.4649122807 12.4101909464
2.1-06H	2.54	-5.7	8.669 7.443 1.226 0.652163869 6.07096247961 11.4127757666
2.1-06Me	2.75	-4.83	8.834 7.714 1.12 0.577083422 6.8875 13.3672181628
2.1-07H	0.77	-7.57	8.686 7.3 1.386 0.719573164 5.26695526696 10.1449030692
2.1-07Me	0.98	-6.61	8.774 7.546 1.228 0.618447832 6.14495114007 12.2015141934
2.1-08H	3.79	-5	8.438 7.338 1.1 0.583760005 6.67090909091 12.5702342352
2.1-08Me	3.99	-5.07	8.742 7.715 1.027 0.528133405 7.51217137293 14.6080515396
2.1-09H	2.02	-6.37	8.54 7.147 1.393 0.723325523 5.13065326633 9.88075185064
2.1-09Me	2.22	-5.47	8.61 7.454 1.156 0.580822554 6.44809688581 12.8335236789
2.1-10H	2.83	-5.5	8.34 7.023 1.317 0.655996645 5.33257403189 10.7058474362
2.1-10Me	3.04	-4.89	8.618 7.336 1.282 0.627443373 5.72230889236 11.6918917558
2.1-11H	3.23	-5.19	8.389 7.06 1.329 0.669557572 5.3122648608 10.5442762434
2.1-11Me	3.44	-4.93	8.55 7.301 1.249 0.613313603 5.8454763811 11.9041872939
2.1-12H	1.46	-6.54	8.301 6.863 1.438 0.71304767 4.77260083449 9.62488244299
2.1-12Me	1.67	-5.93	8.541 7.111 1.43 0.686499855 4.97272727273 10.3583415906
2.1-13H	3.69	-4.92	9.326 8.212 1.114 0.590667127 7.37163375224 13.9029237021
2.1-13Me	3.9	-5.08	9.513 8.499 1.014 0.525699017 8.38165680473 16.1670456386
2.1-14H	4.1	-4.87	9.518 8.352 1.166 0.61687051 7.16295025729 13.539308274
2.1-14Me	4.3	-5.39	9.539 8.555 0.984 0.504163409 8.69410569106 16.9687046844
2.1-15H	2.33	-6.04	9.253 8.032 1.221 0.630887127 6.57821457821 12.7312789503
2.1-15Me	2.53	-5.07	9.697 8.503 1.194 0.60298166 7.12144053601 14.1015897565
2.1-16H	4.39	-5.09	9.054 7.8 1.254 0.631257004 6.22009569378 12.3562985449
2.1-16Me	4.59	-6.06	9.146 7.962 1.184 0.582394179 6.72466216216 13.6711531246
2.1-17H	4.79	-5.41	9.11 7.893 1.217 0.611221196 6.48562037798 12.9134919595
2.1-17Me	5	-6.65	9.102 7.923 1.179 0.568630745 6.72010178117 13.9334710085
2.1-18H	3.02	-5.34	8.93 7.614 1.316 0.649410134 5.78571428571 11.7244859625
2.1-18Me	3.23	-5.03	9.057 7.736 1.321 0.631357693 5.85616956851 12.2529591162
2.2-01Me	2.03	-5.4	7.692 6.548 1.144 0.59560389 5.72377622378 10.9938838714
2.2-02H	1.83	-6.52	7.581 6.373 1.208 0.640656763 5.27566225166 9.94760434614
2.2-02Me	2.44	-5.05	7.775 6.65 1.125 0.583944227 5.91111111111 11.3880738819
2.2-03H	2.23	-6.11	7.716 6.485 1.231 0.650906994 5.26807473599 9.96302092277
2.2-03Me	0.67	-6.76	7.716 6.46 1.256 0.636890065 5.14331210191 10.1430377941
2.2-04H	0.46	-7.62	7.67 6.333 1.337 0.690381047 4.73672400898 9.17319504572
2.2-04Me	2.34	-4.97	8.255 7.198 1.057 0.551075696 6.80983916746 13.0617264602
2.2-05H	2.14	-5.84	8.189 7.063 1.126 0.594405123 6.27264653641 11.8824682472
2.2-05Me	3.59	-5.04	8.421 7.483 0.938 0.483418327 7.9776119403 15.4793469384
2.2-06H	3.38	-5.13	8.344 7.22 1.124 0.5926244 6.42348754448 12.1830960723
2.2-06Me	2.75	-4.88	8.284 7.162 1.122 0.581218274 6.38324420677 12.3223930155
2.2-07H	2.54	-5.49	8.425 7.261 1.164 0.612579021 6.23797250859 11.8531646548
2.2-07Me	0.98	-6.19	8.251 7.031 1.22 0.617024656 5.7631147541 11.3950065555
2.2-08H	0.77	-7	8.356 7.075 1.281 0.658366588 5.52302888368 10.7462926111
2.2-08Me	3.99	-5.37	8.486 7.473 1.013 0.522180594 7.37709772952 14.3111407928
2.2-09H	3.79	-4.96	8.413 7.295 1.118 0.587896565 6.52504472272 12.4086453882
2.2-09Me	2.22	-5.18	8.344 7.174 1.17 0.585660067 6.13162393162 12.2494265944
2.2-10H	2.02	-5.95	8.334 7.08 1.254 0.644762466 5.64593301435 10.9807880783
2.2-10Me	3.04	-4.91	8.15 6.768 1.382 0.675170346 4.89725036179 10.0241369309
2.2-11H	2.83	-5.32	8.312 6.698 1.614 0.800285969 4.14993804213 8.36950822513
2.2-11Me	3.44	-5.12	8.199 6.84 1.359 0.665295648 5.03311258278 10.2811434594
2.2-12H	3.23	-5.1	8.376 6.787 1.589 0.78515018 4.27123977344 8.64420613137
2.2-12Me	1.67	-5.54	8.181 6.678 1.503 0.72297277 4.44311377246 9.23686240631
2.2-13H	1.46	-6.34	8.306 6.578 1.728 0.842165556 3.80671296296 7.81081576317
2.2-13Me	3.9	-5.48	8.986 8.065 0.921 0.47622306 8.75678610206 16.9353411823
2.2-14H	3.69	-4.95	8.945 7.958 0.987 0.518832576 8.06281661601 15.3382813033
2.2-14Me	4.3	-5.86	8.992 8.016 0.976 0.500555315 8.2131147541 16.0142141334
2.2-15H	4.1	-5.03	9.143 8.052 1.091 0.57136404 7.38038496792 14.0925914764
2.2-15Me	2.53	-5	8.942 7.828 1.114 0.561663438 7.02692998205 13.9371721041
2.2-16H	2.33	-5.44	8.977 7.781 1.196 0.613160808 6.50585284281 12.6899826252
2.2-16Me	4.59	-6.67	8.981 7.66 1.321 0.640553155 5.79863739591 11.9584142865
2.2-17H	4.39	-5.24	9.101 7.566 1.535 0.755303138 4.92899022801 10.0171700862
2.2-17Me	5	-7.31	9.044 7.733 1.311 0.635234095 5.89855072464 12.1734649649
2.2-18H	4.79	-5.71	9.114 7.57 1.544 0.76196272 4.90284974093 9.9348692545
2.2-18Me	3.23	-5.19	8.887 7.446 1.441 0.687731228 5.16724496877 10.8269040242
2.2-19H	3.02	-5.1	9.038 7.378 1.66 0.804695946 4.44457831325 9.16868046456
2.3-01H	1.83	-6.48	7.404 6.14 1.264 0.680682741 4.85759493671 9.02035504967
2.3-01Me	2.03	-5.76	7.765 6.529 1.236 0.647671617 5.28236245955 10.0807258318
2.3-02H	2.23	-6.48	7.926 6.607 1.319 0.701701136 5.00909780136 9.41568947382
2.3-02Me	2.44	-5.32	8.01 6.779 1.231 0.644167763 5.50690495532 10.5236560868
2.3-03H	0.46	-8.88	7.462 6.067 1.395 0.731638161 4.34910394265 8.29235040407
2.3-03Me	0.67	-7.56	7.65 6.312 1.338 0.67983918 4.71748878924 9.28454873695
2.3-04H	2.14	-6.45	8.477 7.178 1.299 0.695260791 5.52578906851 10.3241835192
2.3-04Me	2.34	-5.23	8.985 7.7 1.285 0.673894055 5.99221789883 11.4261283994
2.3-05H	3.38	-5.53	8.258 7.072 1.186 0.637520117 5.9629005059 11.0929832823
2.3-05Me	3.59	-5.22	8.528 7.499 1.029 0.536915996 7.28765792031 13.9668031049
2.3-06H	2.54	-5.96	9.108 7.721 1.387 0.734016569 5.56669069935 10.5188361218
2.3-06Me	2.75	-4.97	8.972 7.736 1.236 0.642437902 6.25889967638 12.0416307567
2.3-07H	0.77	-7.92	8.859 7.37 1.489 0.774143973 4.94963062458 9.5201929577
2.3-07Me	0.98	-7.04	8.888 7.521 1.367 0.696824757 5.50182882224 10.7932445345
2.3-08H	3.79	-5.28	8.52 7.288 1.232 0.659123002 5.91558441558 11.0571167717
2.3-08Me	3.99	-5.1	8.48 7.346 1.134 0.589218665 6.47795414462 12.4673579375
2.3-09H	2.02	-7.24	8.182 6.922 1.26 0.657142558 5.49365079365 10.5334830559
2.3-09Me	2.22	-6.73	8.62 7.384 1.236 0.635569851 5.97411003236 11.6179204982
2.3-10H	2.83	-5.68	8.246 6.828 1.418 0.713850261 4.81523272214 9.56503117395
2.3-10Me	3.04	-5.14	8.189 6.978 1.211 0.600596714 5.76218001652 11.6184451852
2.3-11H	3.23	-5.39	8.355 6.753 1.602 0.807242931 4.21535580524 8.36551147204
2.3-11Me	3.44	-5.09	7.933 6.532 1.401 0.689956317 4.66238401142 9.46726602693
2.3-12H	1.46	-7.03	8.207 6.705 1.502 0.74241797 4.46404793609 9.03130079139
2.3-12Me	1.67	-6.54	8.738 7.221 1.517 0.729735 4.76005273566 9.89537297786
2.3-13H	3.69	-5.29	9.209 7.99 1.219 0.650053065 6.55455291222 12.2913042491
2.3-13Me	3.9	-5.09	9.525 8.424 1.101 0.570425486 7.65122615804 14.7679236057
2.3-14H	4.1	-5.14	9.157 7.962 1.195 0.635740952 6.66276150628 12.5239690395
2.3-14Me	4.3	-5.1	9.403 8.414 0.989 0.511284548 8.50758341759 16.4565896484
2.3-15H	2.33	-6.85	9.156 7.849 1.307 0.678031606 6.00535577659 11.5761565251
2.3-15Me	2.53	-6.27	9.519 8.322 1.197 0.605859428 6.95238095238 13.7358595334
2.3-16H	4.39	-5.39	8.508 6.919 1.589 0.797222146 4.35431088735 8.67888584721
2.3-16Me	4.59	-5.5	9.486 8.1 1.386 0.667581666 5.84415584416 12.1333469934
2.3-17H	4.79	-5.64	8.986 7.847 1.139 0.57722248 6.88937664618 13.5944116383
2.3-17Me	5	-5.95	8.61 7.175 1.435 0.718671768 5.0 9.9836953662
2.3-18H	3.02	-6.17	9.249 7.765 1.484 0.7200845 5.23247978437 10.7834566638
2.3-18Me	3.23	-6.17	8.549 6.996 1.553 0.763157754 4.50482936252 9.16717410435
2.4-01H	1.83	-6.84	7.204 5.942 1.262 0.677163597 4.70839936609 8.77483672531
2.4-01Me	2.03	-6.43	7.686 6.439 1.247 0.652048751 5.16359262229 9.87502850074
2.4-02H	2.23	-6.65	7.184 5.932 1.252 0.667039015 4.73801916933 8.89303304095
2.4-02Me	2.44	-5.98	7.667 6.573 1.094 0.568563162 6.00822669104 11.5607208474
2.4-03H	0.46	-8.8	7.125 5.812 1.313 0.689070207 4.42650418888 8.4345541876
2.4-03Me	0.67	-7.92	7.642 6.322 1.32 0.666057114 4.78939393939 9.49167851693
2.4-04H	2.14	-5.97	7.986 6.805 1.181 0.629597085 5.76206604572 10.8084998519
2.4-04Me	2.34	-5.79	7.941 6.684 1.257 0.653419863 5.31742243437 10.2292574476
2.4-05H	3.38	-5.41	8.327 7.047 1.28 0.67222321 5.50546875 10.4831250917
2.4-05Me	3.59	-5.34	8.339 7.174 1.165 0.60538723 6.15793991416 11.8502664815
2.4-06H	2.54	-5.86	7.969 6.806 1.163 0.615760419 5.85210662081 11.0530001442
2.4-06Me	2.75	-5.47	8.181 6.968 1.213 0.631323622 5.74443528442 11.0371285933
2.4-07H	0.77	-7.84	8.028 6.72 1.308 0.676681706 5.1376146789 9.93081376431
2.4-07Me	0.98	-7.33	8.057 6.759 1.298 0.656772802 5.20724191063 10.2912300561
2.4-08H	3.79	-5.3	8.193 6.978 1.215 0.645532773 5.74320987654 10.8096758087
2.4-08Me	3.99	-5.16	8.412 7.274 1.138 0.588070439 6.39191564148 12.3692665327
2.4-09H	2.02	-6.99	8.221 6.901 1.32 0.684758452 5.22803030303 10.0780063099
2.4-09Me	2.22	-6.92	8.162 6.845 1.317 0.671204571 5.19741837509 10.1980831117
2.4-10H	2.83	-5.67	8.317 6.879 1.438 0.715611336 4.78372739917 9.61275996332
2.4-10Me	3.04	-5.45	8.374 6.908 1.466 0.712783726 4.71214188267 9.691579294
2.4-11H	3.23	-5.56	8.294 6.822 1.472 0.733596633 4.63451086957 9.29938837383
2.4-11Me	3.44	-5.31	8.78 7.422 1.358 0.655776218 5.46539027982 11.3178852729
2.4-12H	1.46	-7.23	8.237 6.689 1.548 0.754015019 4.32105943152 8.87117607932
2.4-12Me	1.67	-6.66	8.663 7.326 1.337 0.646692695 5.4794315632 11.3284100109
2.4-13H	3.69	-5.19	9.099 7.974 1.125 0.593526117 7.088 13.4349606051
2.4-13Me	3.9	-5.16	8.831 7.662 1.169 0.608192343 6.55431993157 12.597988265
2.4-14H	4.1	-5.22	8.813 7.672 1.141 0.601131394 6.72392638037 12.7626007834
2.4-14Me	4.3	-5.15	9.239 8.141 1.098 0.570633094 7.41438979964 14.2666103414
2.4-15H	2.33	-6.33	9.035 7.697 1.338 0.691727579 5.75261584454 11.1272128417
2.4-15Me	2.53	-6.52	9.212 8.028 1.184 0.60334439 6.78040540541 13.3058335058
2.4-16H	4.39	-5.43	9.321 7.866 1.455 0.718270153 5.40618556701 10.9513112401
2.4-16Me	4.59	-5.45	9.152 7.737 1.415 0.685122678 5.46784452297 11.292868049
2.4-17H	4.79	-5.62	9.326 7.774 1.552 0.772550478 5.00902061856 10.062772882
2.4-17Me	5	-5.8	9.116 7.738 1.378 0.67007208 5.61538461538 11.5480113721
2.4-18H	3.02	-5.9	9.1 7.608 1.492 0.720203665 5.09919571046 10.5636785395
2.4-18Me	3.23	-6.27	9.378 7.91 1.468 0.704819429 5.38828337875 11.2227326242
2.5-01H	1.83	-6.25	7.674 6.367 1.307 0.701130965 4.8714613619 9.08104236988
2.5-01Me	2.03	-5.3	7.948 6.868 1.08 0.563871181 6.35925925926 12.1800869266
2.5-02H	2.23	-5.9	7.677 6.429 1.248 0.667488892 5.15144230769 9.63162095587
2.5-02Me	2.44	-5.01	8.056 6.967 1.089 0.568153712 6.39761248852 12.2625265889
2.5-03H	0.46	-7.48	7.725 6.336 1.389 0.725779321 4.56155507559 8.72992632426
2.5-03Me	0.67	-6.93	8.049 6.812 1.237 0.630143404 5.50687146322 10.810237728
2.5-04H	2.14	-5.58	8.564 7.289 1.275 0.679486683 5.7168627451 10.7272153853
2.5-04Me	2.34	-4.91	8.798 7.707 1.091 0.570151238 7.06416131989 13.5174660447
2.5-05H	3.38	-5.05	8.314 7.159 1.155 0.627704461 6.19826839827 11.4050487846
2.5-05Me	3.59	-4.85	8.646 7.694 0.952 0.497038268 8.08193277311 15.4796934066
2.5-06H	2.54	-5.29	8.568 7.302 1.266 0.672643853 5.76777251185 10.8556704524
2.5-06Me	2.75	-4.83	8.956 7.862 1.094 0.570408848 7.18647166362 13.7830961556
2.5-07H	0.77	-6.81	8.682 7.291 1.391 0.720216874 5.24155283968 10.1233395984
2.5-07Me	0.98	-6.27	8.84 7.63 1.21 0.614551827 6.30578512397 12.4155517318
2.5-08H	3.79	-4.96	8.38 7.214 1.166 0.622478694 6.18696397942 11.5891516762
2.5-08Me	3.99	-5.01	8.86 7.871 0.989 0.514254106 7.95854398382 15.3056629168
2.5-09H	2.02	-6.04	8.438 7.137 1.301 0.672404961 5.4857801691 10.6141394159
2.5-09Me	2.22	-5.46	8.643 7.557 1.086 0.549412791 6.95856353591 13.7546852272
2.5-10H	2.83	-5.07	8.451 7.044 1.407 0.7072347 5.00639658849 9.95991853906
2.5-10Me	3.04	-4.84	8.609 7.413 1.196 0.595758613 6.19816053512 12.4429590076
2.5-11H	3.23	-5.01	8.37 7.001 1.369 0.690809565 5.11395178963 10.1344861952
2.5-11Me	3.44	-4.99	8.729 7.525 1.204 0.594460851 6.25 12.6585291316
2.5-12H	1.46	-5.89	8.272 6.798 1.474 0.732047708 4.61194029851 9.28628001387
2.5-12Me	1.67	-5.54	8.89 7.49 1.4 0.672350814 5.35 11.1400177467
2.5-13H	3.69	-4.94	9.266 8.079 1.187 0.640564737 6.80623420388 12.6123083794
2.5-13Me	3.9	-5.08	9.565 8.579 0.986 0.514697875 8.70081135903 16.6680307355
2.5-14H	4.1	-5.02	9.277 8.129 1.148 0.60961919 7.08101045296 13.3345539861
2.5-14Me	4.3	-5.35	9.775 8.745 1.03 0.532398706 8.49029126214 16.4256597573
2.5-15H	2.33	-5.56	9.545 8.197 1.348 0.692108625 6.08086053412 11.8435166156
2.5-15Me	2.53	-5.08	9.709 8.561 1.148 0.577761365 7.45731707317 14.8175363024
2.5-16H	4.39	-5.26	8.888 7.649 1.239 0.617995781 6.17352703793 12.3771071505
2.5-16Me	4.59	-5.81	9.492 8.345 1.147 0.560766368 7.27550130776 14.881420278
2.5-17H	4.79	-5.61	8.93 7.687 1.243 0.621977334 6.18423169751 12.3589712676
2.5-17Me	5	-6.37	9.368 8.231 1.137 0.554716616 7.23922603342 14.8382070459
2.5-18H	3.02	-5.15	8.925 7.548 1.377 0.673610938 5.48148148148 11.2052812302
2.5-18Me	3.23	-5	9.313 8.066 1.247 0.602434048 6.46832397755 13.3890174813
2.6-01H	1.83	-5.99	7.496 6.238 1.258 0.675658664 4.9586645469 9.23247244854
2.6-01Me	2.03	-5.13	7.725 6.575 1.15 0.596288539 5.71739130435 11.0265409612
2.6-02H	2.23	-5.58	7.659 6.454 1.205 0.647747191 5.35601659751 9.96376377956
2.6-02Me	2.44	-4.91	7.935 6.836 1.099 0.573965192 6.22020018198 11.9101299091
2.6-03H	0.46	-7.39	7.555 6.219 1.336 0.700526809 4.65494011976 8.87760456859
2.6-03Me	0.67	-6.6	7.841 6.627 1.214 0.616177666 5.45881383855 10.7550149343
2.6-04H	2.14	-5.26	8.136 6.857 1.279 0.682922508 5.36121970289 10.0406706759
2.6-04Me	2.34	-4.85	8.487 7.455 1.032 0.542021902 7.2238372093 13.7540567503
2.6-05H	3.38	-4.81	8.206 6.967 1.239 0.67334263 5.62308313156 10.3468868442
2.6-05Me	3.59	-5.11	8.365 7.283 1.082 0.573527722 6.73105360444 12.6986015159
2.6-06H	2.54	-5.02	9.147 7.784 1.363 0.696855193 5.71093176816 11.1701829565
2.6-06Me	2.75	-4.86	8.68 7.648 1.032 0.541034132 7.41085271318 14.1358918923
2.6-07H	0.77	-6.75	9.033 7.553 1.48 0.75849971 5.10337837838 9.95781527721
2.6-07Me	0.98	-5.95	8.593 7.445 1.148 0.588398669 6.48519163763 12.6529857939
2.6-08H	3.79	-4.76	8.35 7.147 1.203 0.649992102 5.94098088113 10.9955182194
2.6-08Me	3.99	-5.43	8.637 7.675 0.962 0.497261709 7.97817047817 15.4345284607
2.6-09H	2.02	-5.89	8.247 6.977 1.27 0.663662741 5.4937007874 10.5128698192
2.6-09Me	2.22	-5.17	8.52 7.387 1.133 0.570905479 6.51985878199 12.9390945992
2.6-10H	2.83	-4.99	8.194 6.744 1.45 0.729661997 4.65103448276 9.24263566929
2.6-10Me	3.04	-4.98	8.736 7.404 1.332 0.64967157 5.55855855856 11.3965276332
2.6-11H	3.23	-4.9	8.403 6.975 1.428 0.715664844 4.88445378151 9.74618225064
2.6-11Me	3.44	-5.17	8.617 7.24 1.377 0.684770886 5.25780682643 10.5728794083
2.6-12H	1.46	-6.05	8.291 6.685 1.606 0.7994315 4.16251556663 8.36219238296
2.6-12Me	1.67	-5.47	8.783 7.342 1.441 0.690570438 5.09507286607 10.6317901781
2.6-13H	3.69	-4.81	9.485 8.447 1.038 0.544520974 8.13776493256 15.512717422
2.6-13Me	3.9	-5.58	9.323 8.367 0.956 0.496715031 8.75209205021 16.8446684272
2.6-14H	4.1	-4.97	9.457 8.334 1.123 0.584749187 7.42119323241 14.2522643644
2.6-14Me	4.3	-5.77	9.406 8.489 0.917 0.479203974 9.25736095965 17.7147946607
2.6-15H	2.33	-5.34	9.121 7.737 1.384 0.714808715 5.59031791908 10.8238747481
2.6-15Me	2.53	-5.03	9.399 8.284 1.115 0.547811531 7.42959641256 15.1219890988
2.6-16H	4.39	-5.23	8.952 7.604 1.348 0.688823863 5.6409495549 11.0391065241
2.6-16Me	4.59	-8.26	9.434 8.219 1.215 0.582316773 6.7646090535 14.1143109405
2.6-17H	4.79	-5.89	9.075 7.716 1.359 0.677541074 5.67770419426 11.3882394678
2.6-17Me	5	-7.17	9.597 8.384 1.213 0.583961682 6.91178895301 14.3571063966
2.6-18H	3.02	-5.06	9.147 7.644 1.503 0.745290384 5.08582834331 10.2564049719
2.6-18Me	3.23	-5.48	9.506 8.107 1.399 0.679234985 5.79485346676 11.9354865091
2.7-01H	1.83	-6.71	7.543 6.281 1.262 0.678473377 4.97702060222 9.25754821475
2.7-01Me	2.03	-6.26	7.64 6.473 1.167 0.612339452 5.54670094259 10.5709341099
2.7-02H	2.23	-6.34	7.563 6.347 1.216 0.650035047 5.21957236842 9.76408891996
2.7-02Me	2.44	-5.75	8.001 6.838 1.163 0.608075738 5.8796216681 11.2453097084
2.7-03H	0.46	-8	7.658 6.295 1.363 0.714383767 4.61848862803 8.81179037205
2.7-03Me	0.67	-7.68	7.96 6.689 1.271 0.649432474 5.2627852085 10.2997621274
2.7-04H	2.14	-6.18	8.569 7.255 1.314 0.698629627 5.52130898021 10.3846154237
2.7-04Me	2.34	-5.72	8.966 7.752 1.214 0.634107499 6.38550247117 12.2250564963
2.7-05H	3.38	-5.23	8.206 7.058 1.148 0.614816026 6.14808362369 11.4798569028
2.7-05Me	3.59	-4.96	8.662 7.685 0.977 0.504817305 7.8659160696 15.2233291606
2.7-06H	2.54	-5.81	8.538 7.29 1.248 0.669225044 5.84134615385 10.8931966389
2.7-06Me	2.75	-5.3	9.004 7.823 1.181 0.613561557 6.62404741744 12.7501469262
2.7-07H	0.77	-7.5	8.64 7.263 1.377 0.718723152 5.27450980392 10.1054209535
2.7-07Me	0.98	-7.42	8.806 7.516 1.29 0.653969402 5.82635658915 11.4928924458
2.7-08H	3.79	-5.04	8.311 7.177 1.134 0.604119765 6.32892416226 11.8800946696
2.7-08Me	3.99	-4.9	8.749 7.669 1.08 0.567408342 7.10092592593 13.5158393565
2.7-09H	2.02	-6.95	8.158 6.946 1.212 0.632059866 5.73102310231 10.9894653555
2.7-09Me	2.22	-6.22	8.679 7.479 1.2 0.614844185 6.2325 12.1640574677
2.7-10H	2.83	-5.68	8.398 6.911 1.487 0.746480571 4.64761264291 9.25811101921
2.7-10Me	3.04	-5.33	8.692 7.279 1.413 0.690222225 5.15145081387 10.5458789015
2.7-11H	3.23	-5.42	8.589 7.175 1.414 0.710531039 5.07425742574 10.0980810213
2.7-11Me	3.44	-5.1	8.963 7.693 1.27 0.604105561 6.05748031496 12.7345293549
2.7-12H	1.46	-6.64	8.436 6.918 1.518 0.750895007 4.55731225296 9.21300572718
2.7-12Me	1.67	-6.64	8.786 7.324 1.462 0.700381945 5.00957592339 10.4571513476
2.7-13H	3.69	-4.93	9.32 8.086 1.234 0.669136814 6.55267423015 12.0842252747
2.7-13Me	3.9	-4.86	9.503 8.5 1.003 0.514897125 8.47457627119 16.5081519925
2.7-14H	4.1	-4.87	9.382 8.173 1.209 0.653404029 6.76013234078 12.5083403794
2.7-14Me	4.3	-5.01	9.679 8.556 1.123 0.586940983 7.61887800534 14.577274799
2.7-15H	2.33	-6.56	9.103 7.854 1.249 0.647275575 6.28823058447 12.1339353798
2.7-15Me	2.53	-5.81	9.533 8.313 1.22 0.621260172 6.81393442623 13.3808674283
2.7-16H	4.39	-5.12	9.137 7.831 1.306 0.645546997 5.99617151608 12.130797659
2.7-16Me	4.59	-5.43	9.33 8.084 1.246 0.601681706 6.48796147673 13.4356752406
2.7-17H	4.79	-5.33	9.467 8.058 1.409 0.706054859 5.71894960965 11.4127109208
2.7-17Me	5	-5.94	9.78 8.442 1.338 0.652245957 6.30941704036 12.9429702237
2.7-18H	3.02	-6	9.222 7.728 1.494 0.73626202 5.17269076305 10.4962632732
2.7-18Me	3.23	-5.43	9.132 7.861 1.271 0.597010151 6.18489378442 13.1672802997
2.8-01H	1.83	-6.36	7.214 5.915 1.299 0.700867893 4.55350269438 8.43953626507
2.8-01Me	2.03	-5.99	7.391 6.246 1.145 0.598457388 5.45502183406 10.4368333072
2.8-02H	2.23	-6	7.445 6.12 1.325 0.71189704 4.61886792453 8.5967487658
2.8-02Me	2.44	-5.57	7.786 6.497 1.289 0.663084852 5.04034134988 9.79814269683
2.8-03H	0.46	-7.14	7.253 5.888 1.365 0.714984126 4.31355311355 8.23514786677
2.8-03Me	0.67	-7.19	7.784 6.448 1.336 0.677041423 4.82634730539 9.52378950675
2.8-04H	2.14	-5.81	8.206 7.082 1.124 0.593113189 6.30071174377 11.9403852947
2.8-04Me	2.34	-5.38	8.209 7.117 1.092 0.574585251 6.5173992674 12.3863255933
2.8-05H	3.38	-5.22	8.108 6.854 1.254 0.67765637 5.46570972887 10.1142707476
2.8-05Me	3.59	-5.01	8.275 7.211 1.064 0.552926852 6.7772556391 13.0415080655
2.8-06H	2.54	-5.44	8.066 6.882 1.184 0.631225727 5.8125 10.9025974475
2.8-06Me	2.75	-5.09	8.529 7.42 1.109 0.582575478 6.69071235347 12.7365470745
2.8-07H	0.77	-6.6	8.886 7.481 1.405 0.705403346 5.32455516014 10.6052800039
2.8-07Me	0.98	-6.66	8.488 7.267 1.221 0.625303353 5.95167895168 11.6215593042
2.8-08H	3.79	-5.03	8.22 7.048 1.172 0.627506797 6.01365187713 11.2317508491
2.8-08Me	3.99	-5.08	8.333 7.24 1.093 0.561144925 6.62397072278 12.9021927802
2.8-09H	2.02	-6.15	8.144 6.88 1.264 0.658816767 5.44303797468 10.4429643334
2.8-09Me	2.22	-5.7	8.268 7.181 1.087 0.548560572 6.60625574977 13.090623655
2.8-10H	2.83	-5.31	8.081 6.561 1.52 0.761747425 4.31644736842 8.6130911437
2.8-10Me	3.04	-5.1	8.22 6.86 1.36 0.663439724 5.04411764706 10.3400501234
2.8-11H	3.23	-5.19	8.085 6.651 1.434 0.712276197 4.63807531381 9.33766989268
2.8-11Me	3.44	-5.13	8.199 6.855 1.344 0.653956871 5.10044642857 10.4823426498
2.8-12H	1.46	-5.89	8.162 6.538 1.624 0.800054088 4.02586206897 8.17194749463
2.8-12Me	1.67	-6.05	8.562 7.047 1.515 0.717457336 4.65148514851 9.82218683454
2.8-13H	3.69	-5.03	8.727 7.494 1.233 0.663130575 6.07785888078 11.3009417489
2.8-13Me	3.9	-5.21	9.443 8.381 1.062 0.540471407 7.89171374765 15.5068332782
2.8-14H	4.1	-5.16	9.396 8.234 1.162 0.612279355 7.08605851979 13.4481098093
2.8-14Me	4.3	-5.48	9.101 8.116 0.985 0.515035567 8.23959390863 15.7581350105
2.8-15H	2.33	-5.58	9.2 7.834 1.366 0.716432589 5.73499267936 10.9347342936
2.8-15Me	2.53	-5.26	8.912 7.721 1.191 0.607634418 6.48278757347 12.7066534931
2.8-16H	4.39	-5.44	8.835 7.391 1.444 0.723055119 5.11842105263 10.2219039818
2.8-16Me	4.59  	NA	9.159 7.848 1.311 0.63700231 5.98627002288 12.3202064997
2.8-17H	4.79	-8.27	8.943 7.568 1.375 0.6870615 5.504 11.0150255836
2.8-17Me	5	-6.88	9.439 8.079 1.36 0.655618973 5.94044117647 12.3227062253
2.8-18H	3.02	-5.27	8.917 7.413 1.504 0.736824971 4.92885638298 10.0607339487
2.8-18Me	3.23	-5.29	9.233 7.819 1.414 0.670282328 5.5297029703 11.6652336984
hexa_19_	-5.26	
