2020_Townsend_2515-hexa_1	-6.52	8.331 7.361 0.97 2.162106688 7.58865979381 3.40454984985
2020_Townsend_2516-hexa_2	-6.02	8.514 7.332 1.182 2.323303973 6.20304568528 3.15585049792
2020_Townsend_2517-hexa_3	-5.03	8.891 7.66 1.231 2.387591631 6.22258326564 3.20825383225
2020_Townsend_2518-hexa_4	-5.77	8.698 7.529 1.169 2.346859645 6.44054747648 3.20811686205
2020_Townsend_2519-hexa_5	-4.8	9.114 7.898 1.216 2.398518193 6.49506578947 3.29286641354
2020_Townsend_2520-hexa_6	-4.85	8.92 7.861 1.059 2.303113975 7.42304060434 3.41320494137
2020_Townsend_2521-hexa_7	-5.14	8.98 7.845 1.135 2.35999099 6.91189427313 3.32416523336
2020_Townsend_2522-hexa_8	-5.12	9.177 7.973 1.204 2.104904977 6.62209302326 3.78781944416
2020_Townsend_2523-hexa_9	-5.32	8.701 7.545 1.156 1.998690371 6.526816609 3.77497190634
2020_Townsend_2525-hexa_11	-5.77	8.55 7.393 1.157 1.965297656 6.38980121003 3.76177113804
2020_Townsend_2528-hexa_14	-5.07	9.104 7.976 1.128 2.018831715 7.07092198582 3.95079983177
2020_Townsend_2529-hexa_15	-5.38	9.035 7.847 1.188 2.0579709 6.60521885522 3.81297908537
2020_Townsend_2530-hexa_16	-5.17	8.583 7.635 0.948 1.896853581 8.05379746835 4.02508663635
2020_Townsend_2531-hexa_17	-5.36	8.826 7.676 1.15 2.047099211 6.6747826087 3.74969613527
2020_Townsend_2532-hexa_18	-5.27	8.71 7.617 1.093 1.984504703 6.96889295517 3.83823731357
2020_Townsend_2533-hexa_19	-5.26	9.35 8.231 1.119 2.039419989 7.35567470956 4.03595141972
2020_Townsend_2534-hexa_20	-5.12	8.999 7.942 1.057 1.987308101 7.51371807001 3.99636070321
2020_Townsend_2535-hexa_21	-5.39	8.622 7.513 1.109 2.005538091 6.7745716862 3.74612680443
2020_Townsend_2536-hexa_22	-5.18	9.041 8.023 1.018 1.970901995 7.88113948919 4.07072498803
2020_Townsend_2537-hexa_23	-5.39	9.218 8.084 1.134 2.025480171 7.12874779541 3.99115237747
2020_Townsend_2538-hexa_24	-5.09	9.187 8.138 1.049 1.632555518 7.75786463298 4.98482281936
2020_Townsend_2541-hexa_27	-5	8.821 7.797 1.024 1.631323302 7.6142578125 4.7795553404
2020_Townsend_2542-hexa_28	-5.35	8.846 7.739 1.107 1.677972954 6.99096657633 4.61211247866
2020_Townsend_2543-hexa_29	-5.11	8.895 7.832 1.063 1.674302081 7.36782690499 4.67776997286
2020_Townsend_2544-hexa_30	-5.32	9.069 8.004 1.065 1.669211672 7.51549295775 4.7950779007
2020_Townsend_2545-hexa_31	-5.98	8.447 7.313 1.134 1.851736337 6.44885361552 3.94926634742
2020_Townsend_2546-hexa_32	-5.82	8.615 7.481 1.134 2.015443726 6.59700176367 3.71183769782
2020_Townsend_2547-hexa_33	-5.3	8.851 7.774 1.077 1.988068186 7.21819870009 3.91032865711
2020_Townsend_2548-hexa_34	-5.34	9.133 7.916 1.217 1.723019924 6.50451930978 4.59425912013
2020_Townsend_2549-hexa_35	-5.31	8.967 7.89 1.077 1.693595869 7.32590529248 4.65872652645
2020_Townsend_2550-hexa_36	-5.5	8.916 7.839 1.077 1.696907846 7.27855153203 4.61957908821
2020_Townsend_2551-hexa_37	-5.21	8.842 7.846 0.996 1.630632015 7.87751004016 4.81163127415
2020_Townsend_2552-hexa_38	-5.42	8.863 7.726 1.137 2.063347594 6.79507475814 3.74440061503
2020_Townsend_2553-hexa_39	-5.32	8.81 7.691 1.119 2.019271564 6.87310098302 3.80879924083
2020_Townsend_2554-hexa_40	-5.74	8.754 7.618 1.136 2.048935206 6.70598591549 3.71802874864
2020_Townsend_2555-hexa_41	-5.09	8.996 8.041 0.955 1.631820206 8.41989528796 4.92762619953
2020_Townsend_2556-hexa_42	-5.31	8.817 7.707 1.11 1.691781855 6.94324324324 4.55555187403
2020_Townsend_2557-hexa_43	-5.97	8.769 7.778 0.991 1.968793251 7.84863773966 3.95064336799
2020_Townsend_2558-hexa_44	-5.51	8.774 7.8 0.974 1.988756423 8.00821355236 3.92204892957
2020_Townsend_2559-hexa_45	-5.32	8.792 7.754 1.038 1.308472692 7.47013487476 5.9259929897
2020_Townsend_2560-hexa_46	-5.24	8.998 7.967 1.031 1.336064566 7.72744907856 5.96303517266
2020_Townsend_2561-hexa_47	-5.38	8.821 7.935 0.886 1.284641 8.95598194131 6.1768229412
2020_Townsend_2562-hexa_48	-5.3	9.085 7.948 1.137 1.964268683 6.99032541777 4.0462896287
2020_Townsend_2563-hexa_49	-5.63	8.719 7.838 0.881 1.606808596 8.89670828604 4.8779923256
2020_Townsend_2564-hexa_50	-5.48	9.213 8.282 0.931 1.69799661 8.89581095596 4.87751268243
2020_Townsend_2565-hexa_51	-5.21	9.164 8.195 0.969 1.317562457 8.45717234262 6.21981899717
2020_Townsend_2566-hexa_52	-5.53	8.68 7.786 0.894 1.272405166 8.70917225951 6.11912007908
2020_Townsend_2567-hexa_53	-4.97	8.588 7.387 1.201 1.994146264 6.15070774355 3.70434212041
2020_Townsend_2568-hexa_54	-6.19	9.604 8.439 1.165 1.798505753 7.24377682403 4.69222852689
2020_Townsend_2569-hexa_55	-5.01	9.263 8.139 1.124 2.08213829 7.24110320285 3.90896226206
2020_Townsend_2570-hexa_56	-5.38	9.095 7.964 1.131 1.737595347 7.041556145 4.58334560676
2020_Townsend_2571-hexa_57	-5.13	8.846 7.605 1.241 1.776835654 6.12812248187 4.28008070576
2020_Townsend_2572-hexa_58	-5.56	9.073 8.108 0.965 1.658475747 8.40207253886 4.88882639054
2020_Townsend_2573-hexa_59	-5.26	9.197 7.982 1.215 2.092068846 6.5695473251 3.81536201127
2020_Townsend_2574-hexa_60	-5.48	9.003 8.065 0.938 1.681780563 8.59808102345 4.79551267117
2020_Townsend_2575-hexa_61	-5.23	8.851 7.822 1.029 1.670762493 7.60155490768 4.6816947548
2020_Townsend_2576-hexa_62	-5.26	9.348 8.308 1.04 1.403786274 7.98846153846 5.91827983638
2020_Townsend_2577-hexa_63	-5.55	9.43 8.142 1.288 1.795417798 6.32142857143 4.53487762518
2020_Townsend_2578-hexa_64	-5.63	9.625 8.558 1.067 1.752529404 8.0206185567 4.88322762544
2020_Townsend_2579-hexa_65	-5.54	9.517 8.117 1.4 1.85843223 5.79785714286 4.36765993883
2020_Townsend_2580-hexa_66	-5.82	9.367 8.368 0.999 1.378654101 8.37637637638 6.06968781649
2020_Townsend_2581-hexa_67	-5.41	9.41 8.217 1.193 1.437655705 6.88767812238 5.71555482403
2020_Townsend_2582-hexa_68	-5.79	9.223 8.055 1.168 1.811503985 6.89640410959 4.446581441
2020_Townsend_2583-hexa_69	-5.37	9.329 8.101 1.228 1.794815831 6.59690553746 4.51355501778
2020_Townsend_2584-hexa_70	-5.37	8.761 7.774 0.987 1.297341136 7.87639311044 5.99225584103
2020_Townsend_2585-hexa_71	-10	9.246 8.112 1.134 1.439839645 7.15343915344 5.6339607179
2020_Townsend_2586-hexa_72	-4.99	9.463 8.401 1.062 1.401386225 7.91054613936 5.99477849156
2020_Townsend_2587-hexa_73	-5.96	9.211 8.099 1.112 1.759755192 7.28327338129 4.60234471068
2020_Townsend_2588-hexa_74	-5.76	9.726 8.501 1.225 1.88050405 6.93959183673 4.52059648582
2020_Townsend_2589-hexa_75	-5.46	9.361 8.388 0.973 1.411834364 8.62076053443 5.94120685392
2020_Townsend_2590-hexa_76	-6.41	9.378 8.287 1.091 1.805464039 7.59578368469 4.58995572384
2020_Townsend_2591-hexa_77	-5.83	9.277 8.209 1.068 1.431180619 7.68632958801 5.73582390023
2020_Townsend_2592-hexa_78	-5.86	9.501 8.412 1.089 1.49561157 7.72451790634 5.62445501809
2020_Townsend_2593-hexa_79	-5.73	9.132 8.075 1.057 1.458330262 7.63954588458 5.53715451871
2020_Townsend_2594-hexa_80	-5.81	8.726 7.646 1.08 2.314446712 7.07962962963 3.30359733942
2020_Townsend_2595-hexa_81	-5.56	9.103 7.807 1.296 2.426004565 6.02391975309 3.21804835516
2020_Townsend_2596-hexa_82	-5.92	8.824 7.598 1.226 2.386086288 6.19738988581 3.18429389507
2020_Townsend_2597-hexa_83	-6.32	8.846 7.695 1.151 2.35729287 6.6854908775 3.26433770616
2020_Townsend_2598-hexa_84	-5.78	8.651 7.564 1.087 2.341550883 6.95860165593 3.23033765993
2020_Townsend_2599-hexa_85	-4.84	8.638 7.582 1.056 2.307132577 7.17992424242 3.28633043267
2020_Townsend_2600-hexa_86	-6.47	8.794 7.561 1.233 2.36940152 6.13219789132 3.19110118575
2020_Townsend_2601-hexa_87	-5.26	8.7 7.65 1.05 1.973136579 7.28571428571 3.87707575918
2020_Townsend_2602-hexa_88	-5.36	9.164 7.939 1.225 2.088131882 6.48081632653 3.80196292602
2020_Townsend_2603-hexa_89	-5.19	9.355 8.195 1.16 2.07276798 7.06465517241 3.95365042256
2020_Townsend_2604-hexa_90	-5.49	8.71 7.635 1.075 2.011630635 7.1023255814 3.79542837893
2020_Townsend_2605-hexa_91	-5.13	8.522 7.566 0.956 1.884355835 7.91422594142 4.01516521427
2020_Townsend_2606-hexa_92	-5.33	8.338 7.212 1.126 1.905991103 6.40497335702 3.78385816631
2020_Townsend_2607-hexa_93	-5.65	9.411 8.236 1.175 2.085108801 7.00936170213 3.94991378678
2020_Townsend_2608-hexa_94	-4.97	8.976 7.885 1.091 2.035903676 7.22731439047 3.87297301584
2020_Townsend_2609-hexa_95	-5.37	9.093 7.918 1.175 2.035715502 6.73872340426 3.88954153575
2020_Townsend_2610-hexa_96	-6.17	8.997 7.993 1.004 2.006806563 7.96115537849 3.98294491725
2020_Townsend_2611-hexa_97	-5.7	8.854 7.773 1.081 2.002853857 7.19056429232 3.88096214451
2020_Townsend_2612-hexa_98	-5.54	8.877 7.838 1.039 1.970526664 7.5437921078 3.97761681849
2020_Townsend_2613-hexa_99	-5.16	8.802 7.753 1.049 2.003693286 7.39084842707 3.86935468326
2020_Townsend_2624-hexa_110	-5.21	9.413 8.176 1.237 1.748563254 6.60953920776 4.67583885301
2020_Townsend_2626-hexa_112	-5.11	8.923 7.967 0.956 1.595117941 8.33368200837 4.9946150032
2020_Townsend_2627-hexa_113	-5.19	9.179 8.085 1.094 1.725341231 7.39031078611 4.68602955446
2020_Townsend_2628-hexa_114	-5.24	9.379 8.316 1.063 1.692479724 7.8231420508 4.91350051766
2020_Townsend_2629-hexa_115	-5.94	9.15 7.948 1.202 2.079266056 6.61231281198 3.82250264562
2020_Townsend_2630-hexa_116	-5.7	8.908 7.785 1.123 2.038180236 6.93232413179 3.81958369652
2020_Townsend_2631-hexa_117	-5.47	9.25 8.1 1.15 2.119294472 7.04347826087 3.82202667304
2020_Townsend_2632-hexa_118	-5.02	8.946 7.985 0.961 1.643742449 8.30905306972 4.85781699247
2020_Townsend_2633-hexa_119	-5.22	8.973 7.963 1.01 1.628498351 7.88415841584 4.8897808187
2020_Townsend_2634-hexa_120	-5.1	8.855 7.883 0.972 1.587538067 8.11008230453 4.96555022135
2020_Townsend_2635-hexa_121	-5.26	8.947 7.916 1.031 1.63042246 7.67798254122 4.8551833615
2020_Townsend_2636-hexa_122	-5.55	9.171 7.988 1.183 2.083117866 6.75232459848 3.83463659468
2020_Townsend_2637-hexa_123	-5.83	8.818 7.644 1.174 2.075714358 6.51107325383 3.68258762124
2020_Townsend_2638-hexa_124	-5.57	8.869 7.8 1.069 2.058679771 7.29653882133 3.78883598599
2020_Townsend_2640-hexa_126	-5.18	8.931 7.832 1.099 1.635135768 7.12647861692 4.78981632796
2020_Townsend_2641-hexa_127	-5.83	8.725 7.573 1.152 2.001926726 6.57378472222 3.78285573675
2020_Townsend_2642-hexa_128	-5.78	8.95 7.927 1.023 2.018149013 7.74877810362 3.92785663939
2020_Townsend_2643-hexa_129	-5.91	9.373 8.179 1.194 2.106747905 6.85008375209 3.88228699817
2020_Townsend_2644-hexa_130	-5.16	9.385 8.315 1.07 1.359786166 7.77102803738 6.1149320444
2020_Townsend_2646-hexa_132	-5.29	9.249 8.166 1.083 1.360086417 7.54016620499 6.00403025715
2020_Townsend_2647-hexa_133	-5.73	8.579 7.427 1.152 1.991010695 6.44704861111 3.73026625053
2020_Townsend_2648-hexa_134	-5.81	9.193 8.155 1.038 1.69479032 7.85645472062 4.8118046839
2020_Townsend_2649-hexa_135	-5.31	8.96 7.865 1.095 1.654438031 7.18264840183 4.7538800805
2020_Townsend_2650-hexa_136	-5.19	9.047 8.192 0.855 1.266438841 9.58128654971 6.46853186651
2020_Townsend_2651-hexa_137	-5.93	8.935 7.779 1.156 1.676621161 6.72923875433 4.63968854798
2020_Townsend_2652-hexa_138	-5.73	9.424 8.147 1.277 2.09963486 6.37979639781 3.88019848365
2020_Townsend_2653-hexa_139	-5.69	9.155 8.004 1.151 2.085597197 6.95395308427 3.8377496918
2020_Townsend_2654-hexa_140	-5.57	8.92 7.885 1.035 1.656448172 7.61835748792 4.76018515598
2020_Townsend_2656-hexa_142	-5.47	8.853 7.772 1.081 1.715656068 7.18963922294 4.53004547063
2020_Townsend_2657-hexa_143	-5.6	8.963 7.866 1.097 1.758170339 7.17046490428 4.47396923126
2020_Townsend_2658-hexa_144	-5.28	9.365 8.261 1.104 1.760055925 7.48278985507 4.69360085817
2020_Townsend_2659-hexa_145	-5.38	8.968 7.885 1.083 1.695482346 7.28070175439 4.65059398501
2020_Townsend_2661-hexa_147	-5.93	9.133 7.93 1.203 2.047768357 6.59185369909 3.87250832004
2020_Townsend_2662-hexa_148	-5.69	8.822 7.65 1.172 1.720087555 6.52730375427 4.4474480254
2020_Townsend_2663-hexa_149	-5.37	8.877 7.943 0.934 1.628819732 8.50428265525 4.87653719067
2020_Townsend_2664-hexa_150	-5.39	8.723 7.778 0.945 1.661966482 8.23068783069 4.67999811322
2020_Townsend_2665-hexa_151	-5.39	8.876 7.726 1.15 1.689772707 6.71826086957 4.57221256326
2020_Townsend_2666-hexa_152	-5.88	9.638 8.638 1.0 1.725783538 8.638 5.00526271679
2020_Townsend_2667-hexa_153	-5.49	9.124 8.187 0.937 1.320288261 8.73745997866 6.20091857349
2020_Townsend_2668-hexa_154	-5.68	9.359 8.219 1.14 1.756197978 7.20964912281 4.67999627773
2020_Townsend_2669-hexa_155	-5.33	9.041 7.973 1.068 1.351918645 7.46535580524 5.89754422686
2020_Townsend_2670-hexa_156	-5.72	9.692 8.503 1.189 1.787848589 7.15138772077 4.75599558728
2020_Townsend_2671-hexa_157	-5.43	9.117 8.167 0.95 1.320668817 8.59684210526 6.18398791194
2020_Townsend_2672-hexa_158	-5.52	9.815 8.741 1.074 1.458421983 8.13873370577 5.99346423867
2020_Townsend_2673-hexa_159	-6.02	8.962 7.872 1.09 1.730541138 7.22201834862 4.54886614779
2020_Townsend_2674-hexa_160	-5.71	9.439 8.319 1.12 1.771296546 7.42767857143 4.69655971429
2020_Townsend_2675-hexa_161	-5.61	9.634 8.59 1.044 1.780521999 8.22796934866 4.8244278952
2020_Townsend_2676-hexa_162	-5.23	8.769 7.946 0.823 1.263252228 9.65492102066 6.29011358451
2020_Townsend_2677-hexa_163	-5.29	8.888 7.845 1.043 1.33700679 7.52157238734 5.8675842626
2020_Townsend_2678-hexa_164	-5.78	9.095 8.008 1.087 1.770511195 7.36706531739 4.52298749797
2020_Townsend_2679-hexa_165	-10	9.18 8.004 1.176 1.433608143 6.80612244898 5.58311560874
2020_Townsend_2680-hexa_166	-5.41	9.613 8.53 1.083 1.41665199 7.87626962142 6.02123885062
2020_Townsend_2681-hexa_167	-6.2	8.876 7.714 1.162 1.731883856 6.63855421687 4.45410930605
2020_Townsend_2682-hexa_168	-6.08	9.53 8.433 1.097 1.801390748 7.68732907931 4.68138298665
2020_Townsend_2683-hexa_169	-5.32	9.443 8.486 0.957 1.363693626 8.86729362591 6.22280535614
2020_Townsend_2684-hexa_170	-6.02	9.442 8.335 1.107 1.803425407 7.52935862692 4.62176032768
2020_Townsend_2685-hexa_171	-5.46	8.854 7.845 1.009 1.344980117 7.77502477701 5.83279998034
2020_Townsend_2686-hexa_172	-5.47	9.512 8.507 1.005 1.44429015 8.46467661692 5.89009071342
2020_Townsend_2687-hexa_173	-5.56	9.223 8.112 1.111 1.425376874 7.30153015302 5.69112642977
2020_Townsend_2688-hexa_174	-5.54	9.285 8.301 0.984 1.393007432 8.43597560976 5.95904932688
2020_Townsend_2689-hexa_175	-6.17	9.043 7.963 1.08 1.441631234 7.37314814815 5.52360396487
2020_Townsend_2690-hexa_176	-5.81	9.472 8.459 1.013 1.498502069 8.35044422507 5.64497051755
2020_Townsend_2691-hexa_177	-4.93	8.301 7.015 1.286 2.280943968 5.45489891135 3.07548107205
2020_Townsend_2692-hexa_178	-5.9	8.533 7.383 1.15 2.307804576 6.42 3.19914436291
2020_Townsend_2693-hexa_179	-6.04	8.403 7.186 1.217 2.290550328 5.90468364832 3.13723733208
2020_Townsend_2694-hexa_180	-5.18	8.373 7.099 1.274 2.273934999 5.57221350078 3.12190102317
2020_Townsend_2695-hexa_181	-6	8.448 7.249 1.199 2.302629122 6.04587155963 3.14814050198
2020_Townsend_2696-hexa_182	-6.62	8.538 7.424 1.114 2.293848977 6.66427289048 3.23648159684
2020_Townsend_2697-hexa_183	-6.02	8.433 7.106 1.327 2.006516898 5.35493594574 3.54146033212
2020_Townsend_2698-hexa_184	-5.76	8.574 7.421 1.153 1.94392012 6.43625325239 3.81754369619
2020_Townsend_2699-hexa_185	-5.07	8.447 7.329 1.118 1.923604402 6.55545617174 3.81003494917
2020_Townsend_2700-hexa_186	-5.3	8.374 7.336 1.038 1.890083682 7.06743737958 3.88130963188
2020_Townsend_2701-hexa_187	-5.21	8.152 7.195 0.957 1.792671505 7.51828631139 4.01356298682
2020_Townsend_2702-hexa_188	-5.47	8.65 7.525 1.125 1.961399902 6.68888888889 3.83654551646
2020_Townsend_2703-hexa_189	-5.19	8.561 7.551 1.01 1.889728885 7.47623762376 3.99581128274
2020_Townsend_2704-hexa_190	-5.3	8.448 7.339 1.109 1.899953541 6.6176735798 3.86272603073
2020_Townsend_2705-hexa_191	-5.02	8.506 7.294 1.212 1.97941922 6.01815181518 3.68491925627
2020_Townsend_2706-hexa_192	-5.68	8.674 7.495 1.179 1.930620071 6.35708227311 3.88217242356
2020_Townsend_2707-hexa_193	-5.22	8.69 7.703 0.987 1.928314289 7.80445795339 3.99468076544
2020_Townsend_2708-hexa_194	-5.29	8.546 7.41 1.136 1.958630288 6.52288732394 3.7832561078
2020_Townsend_2709-hexa_195	-5.15	8.741 7.579 1.162 1.975864727 6.52237521515 3.83578890621
2020_Townsend_2710-hexa_196	-5	8.766 7.615 1.151 1.977785721 6.61598609904 3.8502654353
2020_Townsend_2711-hexa_197	-4.8	8.385 7.349 1.036 1.872349045 7.09362934363 3.92501602179
2020_Townsend_2712-hexa_198	-5.21	8.644 7.589 1.055 1.928600407 7.19336492891 3.93497791064
2020_Townsend_2713-hexa_199	-5.16	8.544 7.544 1.0 1.898060533 7.544 3.97458345972
2020_Townsend_2714-hexa_200	-5.1	8.504 7.426 1.078 1.552318738 6.88868274583 4.78381135151
2020_Townsend_2715-hexa_201	-5.16	8.672 7.778 0.894 1.518461197 8.70022371365 5.12229091884
2020_Townsend_2716-hexa_202	-5.05	8.733 7.694 1.039 1.594443648 7.4051973051 4.82550763688
2020_Townsend_2717-hexa_203	-5.04	8.461 7.32 1.141 1.557340625 6.41542506573 4.70032045815
2020_Townsend_2718-hexa_204	-4.89	8.658 7.656 1.002 1.550336259 7.64071856287 4.93828352111
2020_Townsend_2719-hexa_205	-4.96	8.832 7.854 0.978 1.56860835 8.03067484663 5.00698596944
2020_Townsend_2720-hexa_206	-5.93	8.685 7.486 1.199 2.036399287 6.24353628023 3.67609635683
2020_Townsend_2721-hexa_207	-5.85	8.546 7.31 1.236 2.031215855 5.9142394822 3.59882972654
2020_Townsend_2722-hexa_208	-5.43	8.319 7.232 1.087 1.877413978 6.65317387305 3.85210725218
2020_Townsend_2723-hexa_209	-5.32	8.472 7.353 1.119 1.587689811 6.57104557641 4.63125728279
2020_Townsend_2724-hexa_210	-5.01	8.609 7.639 0.97 1.548702758 7.87525773196 4.93251526837
2020_Townsend_2725-hexa_211	-4.86	8.763 7.575 1.188 1.640200774 6.37626262626 4.61833704756
2020_Townsend_2726-hexa_212	-4.83	8.851 7.906 0.945 1.577514203 8.36613756614 5.01168229418
2020_Townsend_2727-hexa_213	-4.98	8.655 7.624 1.031 1.57655883 7.39476236663 4.83584871996
2020_Townsend_2728-hexa_214	-5.05	8.522 7.414 1.108 1.582569933 6.69133574007 4.68478507357
2020_Townsend_2729-hexa_215	-6.11	8.559 7.377 1.182 1.975271442 6.24111675127 3.73467658325
2020_Townsend_2730-hexa_216	-5.77	8.519 7.389 1.13 1.968054602 6.5389380531 3.75446900329
2020_Townsend_2731-hexa_217	-5.01	8.511 7.36 1.151 1.987153693 6.39443961772 3.70379001178
2020_Townsend_2732-hexa_218	-5.01	8.63 7.614 1.016 1.574613825 7.49409448819 4.8354713258
2020_Townsend_2733-hexa_219	-4.96	8.81 7.836 0.974 1.562026798 8.04517453799 5.01655926136
2020_Townsend_2734-hexa_220	-5.89	8.478 7.419 1.059 1.95996465 7.00566572238 3.78527235172
2020_Townsend_2735-hexa_221	-5.64	8.56 7.493 1.067 1.951096077 7.02249297095 3.84040544611
2020_Townsend_2736-hexa_222	-5.39	8.608 7.446 1.162 1.99773013 6.40791738382 3.72723016397
2020_Townsend_2737-hexa_223	-5.28	8.798 7.853 0.945 1.238485965 8.31005291005 6.34080661544
2020_Townsend_2738-hexa_224	-5.13	8.773 7.779 0.994 1.249234328 7.82595573441 6.22701428038
2020_Townsend_2739-hexa_225	-5.09	8.601 7.526 1.075 1.225714282 7.00093023256 6.1400932587
2020_Townsend_2740-hexa_226	-5.35	8.642 7.598 1.044 1.614792004 7.27777777778 4.70524995243
2020_Townsend_2741-hexa_227	-5.33	8.522 7.551 0.971 1.560518764 7.77651905252 4.83877552401
2020_Townsend_2742-hexa_228	-4.87	8.448 7.621 0.827 1.155054264 9.21523579202 6.59795841419
2020_Townsend_2743-hexa_229	-5.08	8.646 7.617 1.029 1.24026455 7.40233236152 6.14143168085
2020_Townsend_2744-hexa_230	-6.11	9.008 7.761 1.247 2.099604444 6.22373696872 3.6964105416
2020_Townsend_2745-hexa_231	-6.09	8.473 7.44 1.033 1.88768896 7.20232333011 3.94132728307
2020_Townsend_2746-hexa_232	-5.37	8.679 7.603 1.076 1.613382415 7.06598513011 4.71245994088
2020_Townsend_2747-hexa_233	-5.13	8.341 7.333 1.008 1.565506492 7.2748015873 4.68410705256
2020_Townsend_2748-hexa_234	-5.13	8.651 7.549 1.102 1.625829867 6.8502722323 4.6431672546
2020_Townsend_2749-hexa_235	-5.04	8.797 7.808 0.989 1.586642719 7.89484327604 4.92108267759
2020_Townsend_2750-hexa_236	-5.13	8.368 7.318 1.05 1.566542283 6.96952380952 4.67143471288
2020_Townsend_2751-hexa_237	-5.25	8.706 7.659 1.047 1.631042168 7.31518624642 4.69577068592
2020_Townsend_2752-hexa_238	-5.54	8.87 7.751 1.119 1.317029344 6.92672028597 5.88521435404
2020_Townsend_2753-hexa_239	-5.7	8.635 7.734 0.901 1.238276843 8.58379578246 6.24577617172
2020_Townsend_2754-hexa_240	-5.33	8.681 7.586 1.095 1.620985004 6.92785388128 4.67987056097
2020_Townsend_2755-hexa_241	-5.34	8.698 7.747 0.951 1.240484331 8.14616193481 6.24514135842
2020_Townsend_2756-hexa_242	-5.59	8.493 7.397 1.096 1.284138238 6.74908759124 5.76028326321
2020_Townsend_2757-hexa_243	-5.1	8.73 7.809 0.921 1.253735511 8.47882736156 6.22858643748
2020_Townsend_2758-hexa_244	-5.35	8.58 7.511 1.069 1.600803717 7.02619270346 4.69201809081
2020_Townsend_2759-hexa_245	-5.15	8.804 7.77 1.034 1.308525196 7.51450676983 5.93798271806
2020_Townsend_2760-hexa_246	-5.19	8.695 7.681 1.014 1.282841922 7.57495069034 5.98748752147
2020_Townsend_2761-hexa_247	-5.15	8.777 7.815 0.962 1.266939303 8.1237006237 6.16840915859
2020_Townsend_2762-hexa_248	-5.18	8.524 7.536 0.988 1.590979629 7.62753036437 4.73670426864
2020_Townsend_2763-hexa_249	-5.38	9.006 7.701 1.305 1.4032637 5.90114942529 5.48792076642
2020_Townsend_2764-hexa_250	-5.76	8.52 7.613 0.907 1.248204735 8.39360529217 6.09915968633
2020_Townsend_2765-hexa_251	-5.19	8.634 7.572 1.062 1.652033437 7.12994350282 4.58344233864
2020_Townsend_2766-hexa_252	-5.28	8.658 7.63 1.028 1.275016903 7.42217898833 5.98423439097
2020_Townsend_2767-hexa_253	-5.7	8.476 7.47 1.006 1.289954886 7.4254473161 5.79090019432
2020_Townsend_2768-hexa_254	-5.92	9.121 8.088 1.033 1.422821364 7.82962245886 5.68448029011
2020_Townsend_2769-hexa_255	-10	8.205 7.018 1.187 2.246575287 5.91238416175 3.12386593078
2020_Townsend_2770-hexa_256	-5.08	8.236 7.073 1.163 2.241300883 6.08168529665 3.15575657586
2020_Townsend_2771-hexa_257	-5.73	8.618 7.277 1.341 2.325245615 5.42654735272 3.12956186351
2020_Townsend_2772-hexa_258	-5.26	8.421 7.177 1.244 2.320716452 5.7692926045 3.09257944624
2020_Townsend_2773-hexa_259	-6.08	8.413 7.232 1.181 2.297385851 6.12362404742 3.14792571603
2020_Townsend_2774-hexa_260	-4.94	8.408 7.169 1.239 2.301440271 5.78611783697 3.11500589015
2020_Townsend_2775-hexa_261	-5.95	8.734 7.556 1.178 1.977455167 6.4142614601 3.82107272321
2020_Townsend_2776-hexa_262	-4.89	8.689 7.504 1.185 1.928127571 6.33248945148 3.89185866789
2020_Townsend_2777-hexa_263	-4.96	8.204 7.154 1.05 1.846566932 6.81333333333 3.87421645868
2020_Townsend_2778-hexa_264	-4.93	8.687 7.487 1.2 1.975967543 6.23916666667 3.78902984845
2020_Townsend_2779-hexa_265	-4.92	8.651 7.549 1.102 1.945122914 6.8502722323 3.88098867463
2020_Townsend_2780-hexa_266	-5.85	8.786 7.681 1.105 1.929084693 6.95113122172 3.98168106764
2020_Townsend_2781-hexa_267	-5	8.49 7.375 1.115 1.920416959 6.61434977578 3.84031184761
2020_Townsend_2782-hexa_268	-5.2	8.538 7.396 1.142 1.935959883 6.47635726795 3.82032709714
2020_Townsend_2783-hexa_269	-4.99	8.622 7.5 1.122 1.961373226 6.68449197861 3.82385152432
2020_Townsend_2784-hexa_270	-4.93	8.555 7.49 1.065 1.910951486 7.03286384977 3.91951342296
2020_Townsend_2785-hexa_271	-5.03	8.287 7.272 1.015 1.85598226 7.1645320197 3.91814089861
2020_Townsend_2786-hexa_272	-5.4	8.361 7.324 1.037 1.852238318 7.06268081003 3.95413480481
2020_Townsend_2787-hexa_273	-4.83	8.72 7.669 1.051 1.579255818 7.29686013321 4.85608469039
2020_Townsend_2788-hexa_274	-4.82	8.867 7.751 1.116 1.626576348 6.94534050179 4.76522359957
2020_Townsend_2789-hexa_275	-4.8	8.283 7.378 0.905 1.498278715 8.15248618785 4.92431743583
2020_Townsend_2790-hexa_276	-5.37	8.798 7.74 1.058 1.621842146 7.3156899811 4.77235100783
2020_Townsend_2791-hexa_277	-4.92	8.682 7.627 1.055 1.606088754 7.22938388626 4.74880356456
2020_Townsend_2792-hexa_278	-4.82	8.644 7.65 0.994 1.570248856 7.69617706237 4.87183924431
2020_Townsend_2793-hexa_279	-4.71	8.211 7.299 0.912 1.500487039 8.00328947368 4.86442055832
2020_Townsend_2794-hexa_280	-4.82	8.76 7.668 1.092 1.600635353 7.02197802198 4.79059767462
2020_Townsend_2795-hexa_281	-5.88	8.694 7.609 1.085 1.991664573 7.01290322581 3.82042242612
2020_Townsend_2796-hexa_282	-5.45	8.932 7.712 1.22 2.021334248 6.32131147541 3.81530170363
2020_Townsend_2797-hexa_283	-4.76	8.6 7.59 1.01 1.59475873 7.51485148515 4.75934061825
2020_Townsend_2798-hexa_284	-4.71	8.481 7.604 0.877 1.534207886 8.67046750285 4.95630355533
2020_Townsend_2799-hexa_285	-4.74	8.585 7.736 0.849 1.501822546 9.11189634865 5.1510746197
2020_Townsend_2800-hexa_286	-4.8	8.699 7.635 1.064 1.591949003 7.1757518797 4.79600790328
2020_Townsend_2801-hexa_287	-5.55	8.484 7.356 1.128 1.944338882 6.52127659574 3.78329110635
2020_Townsend_2802-hexa_288	-5.65	8.717 7.519 1.198 1.973264959 6.27629382304 3.81043608245
2020_Townsend_2803-hexa_289	-5.5	8.598 7.459 1.139 1.996856725 6.54872695347 3.73537064859
2020_Townsend_2804-hexa_290	-5.59	8.82 7.694 1.126 2.016165656 6.83303730018 3.81615467812
2020_Townsend_2805-hexa_291	-4.82	8.418 7.484 0.934 1.48722691 8.01284796574 5.03218436251
2020_Townsend_2806-hexa_292	-5.42	8.597 7.473 1.124 1.990582358 6.64857651246 3.75417775103
2020_Townsend_2807-hexa_293	-4.84	8.99 8.09 0.9 1.24147326 8.98888888889 6.51645126855
2020_Townsend_2808-hexa_294	-4.82	8.725 7.784 0.941 1.204899558 8.27205100956 6.46028953062
2020_Townsend_2809-hexa_295	-4.77	8.746 7.86 0.886 1.199974803 8.87133182844 6.55013753651
2020_Townsend_2810-hexa_296	-6.23	8.696 7.524 1.172 1.608906555 6.41979522184 4.67646798791
2020_Townsend_2811-hexa_297	-5.89	9.004 7.957 1.047 1.663528737 7.59980897803 4.78320561769
2020_Townsend_2812-hexa_298	-5.24	8.637 7.62 1.017 1.585420465 7.49262536873 4.80629597524
2020_Townsend_2813-hexa_299	-4.72	8.772 7.838 0.934 1.220662604 8.39186295503 6.42110274724
2020_Townsend_2814-hexa_300	-4.83	8.749 7.832 0.917 1.219604353 8.54089422028 6.42175471146
2020_Townsend_2815-hexa_301	-5.55	8.463 7.25 1.213 1.938014489 5.97691673537 3.74094210397
2020_Townsend_2816-hexa_302	-5.69	8.629 7.474 1.155 1.629478232 6.470995671 4.58674430454
2020_Townsend_2817-hexa_303	-4.88	8.654 7.588 1.066 1.612482082 7.1181988743 4.70578872454
2020_Townsend_2818-hexa_304	-4.83	8.843 7.761 1.082 1.652418446 7.17282809612 4.6967522172
2020_Townsend_2819-hexa_305	-4.98	8.912 7.906 1.006 1.654229373 7.85884691849 4.77926467093
2020_Townsend_2820-hexa_306	-5.08	9.025 7.968 1.057 1.687535844 7.53831598865 4.72167748515
2020_Townsend_2821-hexa_307	-5.99	8.749 7.432 1.317 2.049138219 5.64312832194 3.62689052944
2020_Townsend_2822-hexa_308	-4.99	8.769 7.627 1.142 1.698442727 6.67863397548 4.49058415615
2020_Townsend_2823-hexa_309	-4.87	8.694 7.659 1.035 1.612746124 7.4 4.74904257156
2020_Townsend_2824-hexa_310	-4.95	8.718 7.718 1.0 1.593679486 7.718 4.84288093547
2020_Townsend_2825-hexa_311	-5.67	8.747 7.596 1.151 1.637654254 6.59947871416 4.63834168992
2020_Townsend_2826-hexa_312	-5.02	8.765 7.739 1.026 1.274338487 7.54288499025 6.07295477532
2020_Townsend_2827-hexa_313	-5.56	8.81 7.557 1.253 1.719513434 6.03112529928 4.39484789742
2020_Townsend_2828-hexa_314	-5.14	8.588 7.627 0.961 1.234850016 7.93652445369 6.17645859916
2020_Townsend_2829-hexa_315	-4.97	8.965 7.987 0.978 1.309315727 8.16666666667 6.10013294372
2020_Townsend_2830-hexa_316	-5.09	8.585 7.439 1.146 1.349603768 6.49127399651 5.51198816748
2020_Townsend_2831-hexa_317	-5.83	8.941 7.798 1.143 1.718160022 6.82239720035 4.53857609312
2020_Townsend_2832-hexa_318	-4.93	8.812 7.841 0.971 1.276363125 8.07518022657 6.14323607947
2020_Townsend_2833-hexa_319	-4.88	8.872 7.977 0.895 1.272799818 8.91284916201 6.26728562276
2020_Townsend_2834-hexa_320	-5.28	8.665 7.531 1.134 1.690544097 6.64109347443 4.45477879776
2020_Townsend_2835-hexa_321	-6.07	8.693 7.486 1.207 1.707618894 6.20215410108 4.38388215679
2020_Townsend_2836-hexa_322	-5.59	8.763 7.767 0.996 1.305284334 7.79819277108 5.95042765602
2020_Townsend_2837-hexa_323	-5.85	9.217 7.972 1.245 1.793530042 6.40321285141 4.44486560767
2020_Townsend_2838-hexa_324	-5.58	9.146 8.178 0.968 1.351351731 8.44834710744 6.05171829983
2020_Townsend_2839-hexa_325	-5.87	9.426 8.419 1.007 1.450937946 8.36047666336 5.80245352547
2020_Townsend_2840-hexa_326	-6.39	8.391 6.963 1.428 2.419126727 4.87605042017 2.87831138497
2020_Townsend_2841-hexa_327	-6.23	8.401 6.951 1.45 2.422551816 4.79379310345 2.86928847263
2020_Townsend_2842-hexa_328	-6.45	8.194 6.815 1.379 2.363786762 4.94198694706 2.8830857798
2020_Townsend_2843-hexa_329	-6.62	8.062 6.729 1.333 2.362814855 5.048012003 2.84787442645
2020_Townsend_2844-hexa_330	-6.49	8.081 6.713 1.368 2.377910499 4.90716374269 2.823066723
2020_Townsend_2845-hexa_331	-6.11	8.403 7.009 1.394 2.091063688 5.02797704448 3.35188260416
2020_Townsend_2846-hexa_332	-5.95	7.781 6.658 1.123 1.899808291 5.92876224399 3.50456413499
2020_Townsend_2847-hexa_333	-6.59	8.288 7.034 1.254 2.046292101 5.60925039872 3.43743691165
2020_Townsend_2848-hexa_334	-6.31	8.275 7.038 1.237 2.033483698 5.68957154406 3.46105553092
2020_Townsend_2849-hexa_335	-6.1	7.967 6.878 1.089 1.877500697 6.31588613407 3.66338079714
2020_Townsend_2850-hexa_336	-6.3	8.475 7.17 1.305 2.025162736 5.49425287356 3.54045621744
2020_Townsend_2851-hexa_337	-6	7.953 6.686 1.267 2.013838731 5.27703235991 3.32002751615
2020_Townsend_2852-hexa_338	-5.94	8.447 7.165 1.282 2.064421801 5.58892355694 3.47070545202
2020_Townsend_2853-hexa_339	-5.62	8.185 7.018 1.167 1.942610575 6.01371036847 3.61266436532
2020_Townsend_2854-hexa_340	-10	8.384 7.05 1.334 2.099880858 5.28485757121 3.35733333305
2020_Townsend_2855-hexa_341	-6.26	8.164 6.933 1.231 2.015100971 5.63200649878 3.44052238561
2020_Townsend_2856-hexa_342	-6.19	8.287 7.036 1.251 2.003126323 5.62430055955 3.51250938057
2020_Townsend_2857-hexa_343	-6.12	8.23 7.05 1.18 1.975065284 5.97457627119 3.56950226259
2020_Townsend_2858-hexa_344	-5.79	8.205 7.01 1.195 1.983757014 5.86610878661 3.53369891097
2020_Townsend_2859-hexa_345	-5.88	8.004 6.83 1.174 1.948428897 5.81771720613 3.5053883724
2020_Townsend_2860-hexa_346	-5.69	8.016 6.706 1.31 2.02375704 5.11908396947 3.31363887436
2020_Townsend_2861-hexa_347	-6.15	7.944 6.793 1.151 1.917749841 5.90182450043 3.54217210961
2020_Townsend_2862-hexa_348	-5.41	8.194 7.112 1.082 1.619678556 6.573012939 4.39099472772
2020_Townsend_2863-hexa_349	-5.51	8.35 7.048 1.302 1.680587019 5.41321044547 4.19377272365
2020_Townsend_2864-hexa_350	-5.22	8.323 7.192 1.131 1.638250231 6.35897435897 4.3900497396
2020_Townsend_2865-hexa_351	-5.61	8.365 7.205 1.16 1.677413489 6.21120689655 4.29530348197
2020_Townsend_2866-hexa_352	-5.35	8.711 7.437 1.274 1.744058721 5.83751962323 4.26419128579
2020_Townsend_2867-hexa_353	-5.72	8.22 7.111 1.109 1.619270358 6.41208295762 4.391484081
2020_Townsend_2868-hexa_354	-5.73	7.969 6.794 1.175 1.630358686 5.78212765957 4.16718115979
2020_Townsend_2869-hexa_355	-5.41	8.243 7.121 1.122 1.594213401 6.34670231729 4.46677966421
2020_Townsend_2870-hexa_356	-4.9	8.467 7.331 1.136 1.647285926 6.45334507042 4.45035065515
2020_Townsend_2871-hexa_357	-6.43	8.206 6.846 1.36 2.029360218 5.03382352941 3.37347699008
2020_Townsend_2872-hexa_358	-6.1	8.227 6.89 1.337 2.025782125 5.15332834705 3.40115549198
2020_Townsend_2873-hexa_359	-5.9	8.582 7.332 1.25 2.073524127 5.8656 3.53600901216
2020_Townsend_2874-hexa_360	-5.48	8.247 7.162 1.085 1.605747569 6.60092165899 4.46022783298
2020_Townsend_2875-hexa_361	-5.25	8.357 7.336 1.021 1.567020489 7.18511263467 4.68149590353
2020_Townsend_2876-hexa_362	-5.28	8.449 7.25 1.199 1.671320198 6.04670558799 4.33788810108
2020_Townsend_2877-hexa_363	-5	8.282 7.196 1.086 1.611359964 6.62615101289 4.46579297039
2020_Townsend_2878-hexa_364	-6.33	8.358 7.041 1.317 2.089952315 5.34624145786 3.36897638739
2020_Townsend_2879-hexa_365	-5.81	8.173 6.918 1.255 2.019708048 5.51235059761 3.42524752865
2020_Townsend_2880-hexa_366	-5.68	8.029 6.721 1.308 2.083820737 5.13837920489 3.22532542299
2020_Townsend_2881-hexa_367	-5.8	8.391 7.145 1.246 2.068744228 5.73434991974 3.45378607142
2020_Townsend_2882-hexa_368	-5.28	8.236 7.174 1.062 1.571624725 6.75517890772 4.56470293823
2020_Townsend_2883-hexa_369	-5.85	8.23 7.03 1.2 2.005788207 5.85833333333 3.5048565823
2020_Townsend_2884-hexa_370	-6.05	8.277 7.049 1.228 2.048106526 5.74022801303 3.44171551163
2020_Townsend_2885-hexa_371	-5.22	8.492 7.253 1.239 1.36008259 5.85391444713 5.33276438749
2020_Townsend_2886-hexa_372	-5.07	8.401 7.363 1.038 1.270328701 7.09344894027 5.79613764076
2020_Townsend_2887-hexa_373	-4.88	8.368 7.344 1.024 1.261448844 7.171875 5.82187699084
2020_Townsend_2888-hexa_374	-5.16	8.476 7.402 1.074 1.283536368 6.89199255121 5.76687983647
2020_Townsend_2889-hexa_375	-6.54	7.951 6.696 1.255 1.964043788 5.33545816733 3.40929262418
2020_Townsend_2890-hexa_376	-6.4	8.409 7.103 1.306 1.705848019 5.43874425727 4.16391139239
2020_Townsend_2891-hexa_377	-5.91	7.913 6.783 1.13 1.611609175 6.00265486726 4.20883679816
2020_Townsend_2892-hexa_378	-5.39	8.546 7.434 1.112 1.716798886 6.68525179856 4.33015192439
2020_Townsend_2893-hexa_379	-5.22	8.764 7.629 1.135 1.715781828 6.72158590308 4.4463695066
2020_Townsend_2894-hexa_380	-5.14	8.456 7.476 0.98 1.245370524 7.62857142857 6.00303271671
2020_Townsend_2895-hexa_381	-5	8.374 7.336 1.038 1.289113958 7.06743737958 5.69073040787
2020_Townsend_2896-hexa_382	-6.6	8.291 6.965 1.326 2.054233026 5.25263951735 3.39055984002
2020_Townsend_2897-hexa_383	-10	8.5 7.136 1.364 2.076319748 5.23167155425 3.43685022833
2020_Townsend_2898-hexa_384	-6.07	8.298 7.043 1.255 1.651395261 5.61195219124 4.26487841302
2020_Townsend_2899-hexa_385	-6.01	8.345 7.181 1.164 1.674237238 6.16924398625 4.28911735865
2020_Townsend_2900-hexa_386	-5.76	8.434 7.225 1.209 1.685500399 5.97601323408 4.28656083635
2020_Townsend_2901-hexa_387	-5.91	8.252 7.125 1.127 1.635021566 6.32209405501 4.35774068561
2020_Townsend_2902-hexa_388	-5.56	8.515 7.491 1.024 1.687140571 7.3154296875 4.44005682085
2020_Townsend_2903-hexa_389	-5.12	7.944 6.787 1.157 1.66426762 5.86603284356 4.07807008827
2020_Townsend_2904-hexa_390	-5.65	8.369 7.266 1.103 1.690203428 6.58748866727 4.29889081967
2020_Townsend_2905-hexa_391	-5.48	8.42 7.298 1.122 1.679147674 6.50445632799 4.34625263341
2020_Townsend_2906-hexa_392	-5.94	8.258 7.02 1.238 2.016554688 5.6704361874 3.48118503395
2020_Townsend_2907-hexa_393	-5.89	8.243 7.025 1.218 1.696655662 5.76765188834 4.14049836825
2020_Townsend_2908-hexa_394	-5.63	8.383 7.286 1.097 1.652670875 6.64175022789 4.40862128704
2020_Townsend_2909-hexa_395	-5.77	8.59 7.442 1.148 1.351344673 6.48257839721 5.50710721601
2020_Townsend_2910-hexa_396	-5.59	8.688 7.523 1.165 1.40354374 6.45751072961 5.36000395684
2020_Townsend_2911-hexa_397	-5.35	8.707 7.528 1.179 1.403193506 6.385072095 5.3649051024
2020_Townsend_2912-hexa_398	-10	8.443 7.095 1.348 1.761824718 5.26335311573 4.02707484321
2020_Townsend_2913-hexa_399	-6.89	8.837 7.592 1.245 1.77036069 6.09799196787 4.28839164973
2020_Townsend_2914-hexa_400	-6.28	8.698 7.475 1.223 1.752049598 6.11201962388 4.26643173146
2020_Townsend_2915-hexa_401	-6.22	8.05 6.966 1.084 1.623680463 6.42619926199 4.2902530139
2020_Townsend_2916-hexa_402	-5.2	8.083 6.863 1.22 1.338893001 5.62540983607 5.12587637315
2020_Townsend_2917-hexa_403	-5.51	8.377 7.294 1.083 1.309317803 6.73499538319 5.57084000789
2020_Townsend_2918-hexa_404	-5.3	8.489 7.46 1.029 1.330091242 7.24975704568 5.60863778697
2020_Townsend_2919-hexa_405	-6.41	8.497 7.246 1.251 1.773521621 5.79216626699 4.08565642178
2020_Townsend_2920-hexa_406	-5.52	8.322 7.174 1.148 1.324960237 6.24912891986 5.41450211083
2020_Townsend_2921-hexa_407	-5.58	8.537 7.323 1.214 1.715370634 6.03212520593 4.26904824815
2020_Townsend_2922-hexa_408	-5.22	8.408 7.419 0.989 1.311081899 7.50151668352 5.65868539994
2020_Townsend_2923-hexa_409	-5.95	8.476 7.21 1.266 1.781801444 5.69510268562 4.04646658261
2020_Townsend_2924-hexa_410	-6.28	8.308 7.066 1.242 1.381041489 5.68921095008 5.11642847538
2020_Townsend_2925-hexa_411	-6.02	8.572 7.526 1.046 1.317542929 7.19502868069 5.71214784304
2020_Townsend_2926-hexa_412	-5.24	8.647 7.621 1.026 1.328154669 7.42787524366 5.73803652382
2020_Townsend_2927-hexa_413	-5.5	8.791 7.65 1.141 1.43132195 6.7046450482 5.34470948343
2020_Townsend_2928-hexa_414	-6.12	8.269 7.135 1.134 1.375473386 6.29188712522 5.18730501995
2020_Townsend_2929-hexa_415	-6.31	8.427 7.376 1.051 1.402036991 7.01807802093 5.26091682841
2020_Townsend_2930-hexa_416	-6.7	8.278 6.875 1.403 2.378460129 4.90021382751 2.89052564564
2020_Townsend_2931-hexa_417	-5.43	8.297 6.942 1.355 2.409625894 5.12324723247 2.88094513646
2020_Townsend_2932-hexa_418	-6.22	8.429 7.049 1.38 2.419753671 5.10797101449 2.91310643909
2020_Townsend_2933-hexa_419	-7.26	8.244 6.898 1.346 2.400337673 5.12481426449 2.87376233669
2020_Townsend_2934-hexa_420	-6.89	8.229 6.887 1.342 2.370312963 5.13189269747 2.9055234931
2020_Townsend_2935-hexa_421	-7.02	8.197 6.842 1.355 2.400282762 5.04944649446 2.85049749484
2020_Townsend_2936-hexa_422	-6.77	8.424 7.049 1.375 2.090119909 5.12654545455 3.37253378127
2020_Townsend_2937-hexa_423	-5.88	8.43 7.134 1.296 2.014715243 5.50462962963 3.54094705184
2020_Townsend_2938-hexa_424	-5.69	8.29 6.948 1.342 2.028923323 5.17734724292 3.42447638175
2020_Townsend_2939-hexa_425	-6.79	8.386 7.1 1.286 2.043045424 5.52099533437 3.47520418127
2020_Townsend_2940-hexa_426	-5.67	8.244 6.952 1.292 2.029163015 5.38080495356 3.42604312646
2020_Townsend_2941-hexa_427	-6.26	8.403 7.132 1.271 1.988508839 5.61132966168 3.58660714005
2020_Townsend_2942-hexa_428	-5.85	8.285 7.059 1.226 2.005716772 5.75774877651 3.51944008174
2020_Townsend_2943-hexa_429	-5.85	8.376 7.072 1.304 2.026830286 5.42331288344 3.48919199049
2020_Townsend_2944-hexa_430	-6.06	8.365 7.13 1.235 1.979103962 5.77327935223 3.60264045593
2020_Townsend_2945-hexa_431	-5.8	8.395 7.118 1.277 2.029135059 5.57400156617 3.5078985839
2020_Townsend_2946-hexa_432	-7.12	8.19 6.945 1.245 2.052810145 5.57831325301 3.38316722417
2020_Townsend_2947-hexa_433	-6.31	8.323 7.099 1.224 2.026302636 5.79983660131 3.50342533927
2020_Townsend_2948-hexa_434	-5.87	8.331 7.1 1.231 2.001722667 5.76766856214 3.54694489754
2020_Townsend_2949-hexa_435	-6.33	8.291 7.117 1.174 1.98286896 6.06218057922 3.58924373903
2020_Townsend_2950-hexa_436	-5.83	8.309 7.088 1.221 1.97266009 5.80507780508 3.59311775806
2020_Townsend_2951-hexa_437	-5.89	8.292 7.065 1.227 2.003774952 5.75794621027 3.52584505208
2020_Townsend_2952-hexa_438	-6.27	8.276 7.085 1.191 1.993785288 5.94878253568 3.55354212043
2020_Townsend_2953-hexa_439	-6.21	8.349 7.166 1.183 1.988583011 6.05748098056 3.60357096503
2020_Townsend_2954-hexa_440	-6.37	8.401 7.178 1.223 1.697725517 5.8691741619 4.2280097272
2020_Townsend_2955-hexa_441	-5.58	8.572 7.388 1.184 1.656605983 6.23986486486 4.45972070354
2020_Townsend_2956-hexa_442	-5.18	8.163 6.986 1.177 1.594216345 5.93542905692 4.38209031159
2020_Townsend_2957-hexa_443	-5.92	8.357 7.147 1.21 1.68309573 5.90661157025 4.24634194753
2020_Townsend_2958-hexa_444	-6.49	8.506 7.304 1.202 1.692607325 6.0765391015 4.31523596295
2020_Townsend_2959-hexa_445	-5.38	8.579 7.465 1.114 1.648073472 6.70107719928 4.52953107178
2020_Townsend_2960-hexa_446	-5.3	8.484 7.321 1.163 1.663628792 6.29492691316 4.40062112125
2020_Townsend_2961-hexa_447	-5.14	8.556 7.449 1.107 1.625661934 6.72899728997 4.58213349541
2020_Townsend_2962-hexa_448	-5.16	8.544 7.346 1.198 1.667710791 6.13188647746 4.40484047932
2020_Townsend_2963-hexa_449	-6.63	8.569 7.157 1.412 2.144183575 5.06869688385 3.33786718798
2020_Townsend_2964-hexa_450	-6.45	8.009 6.759 1.25 1.965172369 5.4072 3.43939295434
2020_Townsend_2965-hexa_451	-6.2	8.552 7.251 1.301 2.079433387 5.57340507302 3.48700758838
2020_Townsend_2966-hexa_452	-6.47	8.274 7.155 1.119 1.636579242 6.39410187668 4.37192395967
2020_Townsend_2967-hexa_453	-5.96	8.262 7.144 1.118 1.679078236 6.38998211091 4.25471538302
2020_Townsend_2968-hexa_454	-5.78	8.417 7.227 1.19 1.659331763 6.0731092437 4.3553677216
2020_Townsend_2969-hexa_455	-5.37	8.341 7.294 1.047 1.587533301 6.96657115568 4.59454928939
2020_Townsend_2970-hexa_456	-5.3	8.432 7.297 1.135 1.647616995 6.42907488987 4.42882054637
2020_Townsend_2971-hexa_457	-5.49	8.351 7.289 1.062 1.583535107 6.86346516008 4.60299236043
2020_Townsend_2972-hexa_458	-6.21	8.145 6.954 1.191 1.988637094 5.83879093199 3.49686728714
2020_Townsend_2973-hexa_459	-6.63	8.557 7.202 1.355 2.0835783 5.31512915129 3.45655356461
2020_Townsend_2974-hexa_460	-6.34	8.453 7.182 1.271 2.090896974 5.65066876475 3.43488947055
2020_Townsend_2975-hexa_461	-6.32	8.485 7.286 1.199 2.061019988 6.07673060884 3.53514281396
2020_Townsend_2976-hexa_462	-6.02	8.205 7.118 1.087 1.653308934 6.54829806808 4.30530547172
2020_Townsend_2977-hexa_463	-5.32	8.231 7.178 1.053 1.565361521 6.81671415005 4.58552219644
2020_Townsend_2978-hexa_464	-6.27	8.445 7.196 1.249 2.083669213 5.7614091273 3.45352321525
2020_Townsend_2979-hexa_465	-6.08	8.339 7.102 1.237 2.051329212 5.74130962005 3.46214540233
2020_Townsend_2980-hexa_466	-5.2	8.382 7.217 1.165 1.314052962 6.19484978541 5.49216828294
2020_Townsend_2981-hexa_467	-5.32	8.525 7.44 1.085 1.296032976 6.85714285714 5.7405946745
2020_Townsend_2982-hexa_468	-5.23	8.532 7.57 0.962 1.224103981 7.86902286902 6.18411517118
2020_Townsend_2983-hexa_469	-5.35	8.252 7.166 1.086 1.283144608 6.5985267035 5.58471738518
2020_Townsend_2984-hexa_470	-6.34	8.394 7.199 1.195 1.678524145 6.02426778243 4.28888677082
2020_Townsend_2985-hexa_471	-5.53	8.574 7.443 1.131 1.67282843 6.58090185676 4.44935049316
2020_Townsend_2986-hexa_472	-5.27	8.319 7.237 1.082 1.300215047 6.68853974122 5.56600234453
2020_Townsend_2987-hexa_473	-5.28	8.422 7.327 1.095 1.29266721 6.69132420091 5.66812551855
2020_Townsend_2988-hexa_474	-5.19	8.441 7.38 1.061 1.289292071 6.95570216777 5.72407150094
2020_Townsend_2989-hexa_475	-6.86	8.697 7.292 1.405 2.096405397 5.19003558719 3.47833487284
2020_Townsend_2990-hexa_476	-6.09	8.205 7.063 1.142 1.634960624 6.18476357268 4.31998171474
2020_Townsend_2991-hexa_477	-5.79	8.368 7.176 1.192 1.669861836 6.02013422819 4.29736152135
2020_Townsend_2992-hexa_478	-5.78	8.396 7.285 1.111 1.710888868 6.55715571557 4.25802057413
2020_Townsend_2993-hexa_479	-5.44	8.364 7.232 1.132 1.681842897 6.38869257951 4.30004491674
2020_Townsend_2995-hexa_481	-6.61	8.361 7.189 1.172 1.972984912 6.13395904437 3.64371767684
2020_Townsend_2996-hexa_482	-5.98	8.313 7.144 1.169 1.67148707 6.11120615911 4.2740384465
2020_Townsend_2997-hexa_483	-5.59	8.417 7.226 1.191 1.711910005 6.067170445 4.22101627942
2020_Townsend_2998-hexa_484	-5.5	8.485 7.355 1.13 1.679664135 6.50884955752 4.37885160893
2020_Townsend_2999-hexa_485	-6.75	8.77 7.436 1.334 1.80512419 5.57421289355 4.1193841627
2020_Townsend_3000-hexa_486	-5.87	8.615 7.341 1.274 1.675253518 5.76216640502 4.38202333027
2020_Townsend_3001-hexa_487	-5.89	8.344 7.183 1.161 1.329594803 6.18690783807 5.40239777095
2020_Townsend_3002-hexa_488	-5.44	8.598 7.433 1.165 1.377814117 6.38025751073 5.39477706629
2020_Townsend_3003-hexa_489	-5.37	8.66 7.496 1.164 1.374366151 6.43986254296 5.45415062394
2020_Townsend_3004-hexa_490	-6.19	8.56 7.495 1.065 1.661258079 7.03755868545 4.5116409634
2020_Townsend_3005-hexa_491	-5.93	8.764 7.519 1.245 1.731960141 6.03935742972 4.34132392658
2020_Townsend_3006-hexa_492	-5.6	8.456 7.379 1.077 1.308700422 6.85143918292 5.63841798776
2020_Townsend_3007-hexa_493	-5.37	8.651 7.624 1.027 1.323918511 7.42356377799 5.75866258886
2020_Townsend_3008-hexa_494	-6.22	8.519 7.278 1.241 1.751033169 5.86462530218 4.15640327599
2020_Townsend_3009-hexa_495	-6	8.715 7.473 1.242 1.726660836 6.01690821256 4.32800689295
2020_Townsend_3010-hexa_496	-5.44	8.421 7.384 1.037 1.328803612 7.12054001929 5.55687833275
2020_Townsend_3011-hexa_497	-5.35	8.563 7.478 1.085 1.324416429 6.89216589862 5.64626037269
2020_Townsend_3012-hexa_498	-5.37	8.463 7.413 1.05 1.330706992 7.06 5.57072296498
2020_Townsend_3013-hexa_499	-6.22	8.593 7.425 1.168 1.763233364 6.35702054795 4.21101378388
2020_Townsend_3014-hexa_500	-5.58	8.694 7.696 0.998 1.316945074 7.71142284569 5.84382762193
2020_Townsend_3015-hexa_501	-5.41	8.782 7.615 1.167 1.384380799 6.52527849186 5.50065415925
2020_Townsend_3016-hexa_502	-6.56	8.806 7.7 1.106 1.743782388 6.96202531646 4.41568859336
2020_Townsend_3017-hexa_503	-6.33	8.296 7.121 1.175 1.716255962 6.06042553191 4.14914800453
2020_Townsend_3018-hexa_504	-5.32	8.692 7.675 1.017 1.323019317 7.54670599803 5.80112467096
2020_Townsend_3019-hexa_505	-6.07	8.348 7.226 1.122 1.715524247 6.44028520499 4.21212350256
2020_Townsend_3020-hexa_506	-5.96	8.664 7.463 1.201 1.763305729 6.21398834305 4.2323913983
2020_Townsend_3021-hexa_507	-5.34	8.719 7.637 1.082 1.38643604 7.05822550832 5.50836806002
2020_Townsend_3022-hexa_508	-5.53	9.08 7.929 1.151 1.441647286 6.88879235447 5.49995833031
2020_Townsend_3023-hexa_509	-5.53	8.535 7.462 1.073 1.360052877 6.95433364399 5.48655138796
2020_Townsend_3024-hexa_510	-6.06	9.07 7.985 1.085 1.486956214 7.35944700461 5.37003035114
2020_Townsend_3025-hexa_511	-5.65	8.264 7.139 1.125 1.397604239 6.34577777778 5.10802686539
2020_Townsend_3026-hexa_512	-6.67	8.136 6.7 1.436 2.397185263 4.66573816156 2.79494459749
2020_Townsend_3027-hexa_513	-10	8.058 6.764 1.294 2.361908202 5.22720247295 2.8637861515
2020_Townsend_3028-hexa_514	-10	8.22 6.893 1.327 2.390387564 5.19442351168 2.88363280658
2020_Townsend_3029-hexa_515	-4.82	8.155 6.826 1.329 2.355456316 5.13619262603 2.89795227941
2020_Townsend_3030-hexa_516	-5.14	7.987 6.777 1.21 2.290805931 5.60082644628 2.95834750045
2020_Townsend_3031-hexa_517	-5.24	8.16 6.89 1.27 2.33057361 5.42519685039 2.95635373645
2020_Townsend_3032-hexa_518	-6.58	8.058 6.857 1.201 2.320319709 5.70940882598 2.95519620568
2020_Townsend_3033-hexa_519	-6.91	8.25 6.983 1.267 2.045606761 5.51144435675 3.41365707874
2020_Townsend_3034-hexa_520	-6.67	8.076 6.883 1.193 1.943315673 5.76948868399 3.54188467454
2020_Townsend_3035-hexa_521	-10	8.207 7.01 1.197 2.016080338 5.85630743525 3.47704397879
2020_Townsend_3036-hexa_522	-10	8.262 7.101 1.161 1.981331306 6.11627906977 3.58395386905
2020_Townsend_3037-hexa_523	-6.39	8.191 6.922 1.269 2.011088648 5.45468873128 3.44191689754
2020_Townsend_3038-hexa_524	-6.35	8.189 6.948 1.241 2.002739621 5.59871071716 3.46924778795
2020_Townsend_3039-hexa_525	-6.28	8.29 6.976 1.314 2.077904183 5.30898021309 3.35722891222
2020_Townsend_3040-hexa_526	-5.69	8.225 7.019 1.206 1.949237621 5.82006633499 3.60089499832
2020_Townsend_3041-hexa_527	-5.4	8.098 6.845 1.253 1.9762251 5.46288906624 3.46367425452
2020_Townsend_3042-hexa_528	-5.72	8.346 7.018 1.328 2.005087108 5.28463855422 3.50009731348
2020_Townsend_3043-hexa_529	-6.52	8.201 6.938 1.263 1.975550023 5.49326999208 3.51193334475
2020_Townsend_3044-hexa_530	-6.55	8.109 6.882 1.227 2.000296576 5.60880195599 3.44048981665
2020_Townsend_3045-hexa_531	-6.21	8.155 7.014 1.141 1.953603741 6.1472392638 3.59028796516
2020_Townsend_3046-hexa_532	-6.27	8.288 7.039 1.249 2.023661995 5.63570856685 3.47834767733
2020_Townsend_3047-hexa_533	-5.53	7.751 6.731 1.02 1.853095693 6.59901960784 3.63230027754
2020_Townsend_3048-hexa_534	-5.68	8.2 6.989 1.211 1.97760786 5.77126341866 3.53406766901
2020_Townsend_3049-hexa_535	-5.61	8.153 6.981 1.172 1.987890707 5.95648464164 3.51176248041
2020_Townsend_3050-hexa_536	-5.3	8.037 6.924 1.113 1.961637546 6.22102425876 3.52970405472
2020_Townsend_3051-hexa_537	-6.46	8.29 7.175 1.115 1.940203337 6.43497757848 3.69806600327
2020_Townsend_3052-hexa_538	-6.04	8.151 6.993 1.158 1.970293174 6.03886010363 3.54921800079
2020_Townsend_3053-hexa_539	-5.62	8.323 7.031 1.292 2.052948004 5.4419504644 3.42483101681
2020_Townsend_3054-hexa_540	-10	8.236 7.039 1.197 1.668943076 5.88053467001 4.21763935584
2020_Townsend_3055-hexa_541	-5.2	8.288 7.197 1.091 1.60284684 6.59670027498 4.4901358136
2020_Townsend_3056-hexa_542	-6.26	8.354 7.167 1.187 1.665348551 6.03791069924 4.30360358839
2020_Townsend_3057-hexa_543	-6.14	8.149 7.141 1.008 1.563081752 7.08432539683 4.5685390357
2020_Townsend_3058-hexa_544	-5.65	8.58 7.336 1.244 1.718000507 5.89710610932 4.27008022996
2020_Townsend_3059-hexa_545	-5.7	8.388 7.182 1.206 1.642324582 5.9552238806 4.37306978092
2020_Townsend_3060-hexa_546	-5.69	8.315 7.208 1.107 1.607306974 6.51129177958 4.48451983137
2020_Townsend_3061-hexa_547	-4.82	8.169 7.118 1.051 1.562814831 6.77259752617 4.55460228481
2020_Townsend_3062-hexa_548	-4.92	8.274 7.018 1.256 1.643211318 5.58757961783 4.27090534438
2020_Townsend_3063-hexa_549	-6.67	8.541 7.185 1.356 2.15464629 5.29867256637 3.33465406055
2020_Townsend_3064-hexa_550	-6.46	8.035 6.607 1.428 2.082300237 4.62675070028 3.17293341402
2020_Townsend_3065-hexa_551	-5.62	8.197 6.969 1.228 1.990662948 5.67508143322 3.50084378021
2020_Townsend_3066-hexa_552	-5.18	8.227 7.11 1.117 1.607110384 6.36526410027 4.42408939099
2020_Townsend_3067-hexa_553	-5.11	8.369 7.165 1.204 1.676003804 5.95099667774 4.27504996283
2020_Townsend_3068-hexa_554	-5.41	8.288 7.103 1.185 1.650962943 5.994092827 4.30233763278
2020_Townsend_3069-hexa_555	-5.46	8.067 6.915 1.152 1.616224514 6.00260416667 4.27848973958
2020_Townsend_3070-hexa_556	-4.89	8.197 7.089 1.108 1.600398618 6.39801444043 4.42952144564
2020_Townsend_3071-hexa_557	-6.69	8.25 6.915 1.335 2.020180151 5.1797752809 3.42296205444
2020_Townsend_3072-hexa_558	-6.32	8.275 7.105 1.17 2.031319207 6.07264957265 3.49772698231
2020_Townsend_3073-hexa_559	-6.34	8.297 7.074 1.223 2.023457792 5.78413736713 3.49599582851
2020_Townsend_3074-hexa_560	-5.56	8.182 6.955 1.227 2.000287154 5.66829665852 3.47700078266
2020_Townsend_3075-hexa_561	-5.07	8.356 7.14 1.216 1.692143739 5.87171052632 4.21949970055
2020_Townsend_3076-hexa_562	-5.17	8.407 7.211 1.196 1.680365084 6.02926421405 4.29132934781
2020_Townsend_3077-hexa_563	-6.54	8.103 6.861 1.242 2.023525779 5.52415458937 3.39061655216
2020_Townsend_3078-hexa_564	-6.04	8.47 7.252 1.218 2.070173524 5.95402298851 3.50308798558
2020_Townsend_3079-hexa_565	-5.88	8.063 6.878 1.185 1.979226974 5.80421940928 3.47509411015
2020_Townsend_3080-hexa_566	-5.84	8.204 7.187 1.017 1.251426048 7.0668633235 5.74304811018
2020_Townsend_3081-hexa_567	-5.03	8.327 7.2 1.127 1.25426833 6.38864241349 5.74039846801
2020_Townsend_3082-hexa_568	-6.26	8.56 7.379 1.181 1.707592494 6.24809483489 4.32128861302
2020_Townsend_3083-hexa_569	-6.23	8.164 7.004 1.16 1.697065832 6.03793103448 4.12712333719
2020_Townsend_3084-hexa_570	-5.04	8.119 7.02 1.099 1.931353779 6.38762511374 3.63475613651
2020_Townsend_3085-hexa_571	-5.49	8.233 7.039 1.194 1.683063415 5.89530988275 4.18225477262
2020_Townsend_3086-hexa_572	-5	8.259 7.148 1.111 1.287734498 6.43384338434 5.55083366261
2020_Townsend_3087-hexa_573	-5.49	8.628 7.205 1.423 2.107160825 5.06324666198 3.41929287718
2020_Townsend_3088-hexa_574	-6.1	8.134 6.869 1.265 1.651195519 5.43003952569 4.16001613435
2020_Townsend_3089-hexa_575	-10	8.704 7.481 1.223 1.765884118 6.1169255928 4.2364048262
2020_Townsend_3090-hexa_576	-5.76	8.471 7.348 1.123 1.670164765 6.54318788958 4.39956593145
2020_Townsend_3091-hexa_577	-5.77	8.294 7.119 1.175 1.677583195 6.05872340426 4.24360474116
2020_Townsend_3092-hexa_578	-5.45	8.257 7.081 1.176 1.67668308 6.0212585034 4.22321909517
2020_Townsend_3093-hexa_579	-5.09	8.369 7.255 1.114 1.645702234 6.51256732496 4.40845242238
2020_Townsend_3094-hexa_580	-10	8.164 7.071 1.093 1.625910528 6.46935041171 4.34894779155
2020_Townsend_3095-hexa_581	-6.46	8.227 6.971 1.256 2.061859598 5.55015923567 3.38092855923
2020_Townsend_3096-hexa_582	-5.81	8.201 7.042 1.159 1.664750485 6.07592752373 4.23006334189
2020_Townsend_3097-hexa_583	-5.74	8.28 7.158 1.122 1.655942589 6.37967914439 4.32261362655
2020_Townsend_3098-hexa_584	-6.29	8.717 7.412 1.305 1.768650584 5.67969348659 4.19076558539
2020_Townsend_3099-hexa_585	-6.27	8.038 6.937 1.101 1.609893487 6.30063578565 4.30898072203
2020_Townsend_3100-hexa_586	-5.1	8.251 7.182 1.069 1.316197287 6.71842843779 5.45662878273
2020_Townsend_3101-hexa_587	-10	8.147 7.083 1.064 1.628317989 6.65695488722 4.34988745924
2020_Townsend_3102-hexa_588	-6.31	7.782 6.83 0.952 1.522403271 7.1743697479 4.48632772282
2020_Townsend_3103-hexa_589	-5.99	8.499 7.333 1.166 1.700204998 6.28902229846 4.31300931866
2020_Townsend_3104-hexa_590	-6.22	8.261 7.136 1.125 1.318144721 6.34311111111 5.4136695966
2020_Townsend_3105-hexa_591	-5.73	8.515 7.288 1.227 1.760108919 5.93969030155 4.14065284331
2020_Townsend_3106-hexa_592	-5.08	8.26 7.109 1.151 1.340896825 6.17636837533 5.3016756155
2020_Townsend_3107-hexa_593	-5.28	8.339 7.171 1.168 1.352860531 6.13955479452 5.30062030467
2020_Townsend_3108-hexa_594	-6.01	8.518 7.349 1.169 1.712111452 6.28656971771 4.29236075223
2020_Townsend_3109-hexa_595	-10	7.859 6.923 0.936 1.531034324 7.39636752137 4.52177974816
2020_Townsend_3110-hexa_596	-6.2	8.533 7.383 1.15 1.361054318 6.42 5.42447123701
2020_Townsend_3111-hexa_597	-6	8.572 7.39 1.182 1.730863346 6.25211505922 4.26954560975
2020_Townsend_3112-hexa_598	-5.19	8.5 7.36 1.14 1.361601038 6.45614035088 5.40540128466
2020_Townsend_3113-hexa_599	-6.03	8.258 6.988 1.27 1.751746925 5.50236220472 3.98916070596
2020_Townsend_3114-hexa_600	-6.34	8.246 7.231 1.015 1.645160418 7.12413793103 4.39531605604
2020_Townsend_3115-hexa_601	-10	8.388 7.428 0.96 1.638267617 7.7375 4.53405775889
2020_Townsend_3116-hexa_602	-5.67	8.517 7.413 1.104 1.385173961 6.71467391304 5.35167438077
2020_Townsend_3117-hexa_603	-5.99	8.201 7.21 0.991 1.292599986 7.27547931382 5.57790505809
2020_Townsend_3118-hexa_604	-6.79	8.523 7.311 1.212 1.463408977 6.03217821782 4.99586931262
2020_Townsend_3119-hexa_605	-6.43	7.97 6.594 1.376 2.353879518 4.79215116279 2.80133284205
2020_Townsend_3120-hexa_606	-10	8.324 7.001 1.323 2.377835147 5.2917611489 2.94427475716
2020_Townsend_3121-hexa_607	-6.34	8.325 6.939 1.386 2.412834836 5.00649350649 2.87587028191
2020_Townsend_3122-hexa_608	-6.8	8.232 6.975 1.257 2.360511225 5.54892601432 2.95486838873
2020_Townsend_3123-hexa_609	-6.34	8.196 6.944 1.252 2.334494599 5.54632587859 2.97451962535
2020_Townsend_3124-hexa_610	-6.61	8.183 6.996 1.187 2.323919965 5.89385004212 3.010430697
2020_Townsend_3125-hexa_611	-6.75	8.272 7.071 1.201 2.006961079 5.88759367194 3.52323723364
2020_Townsend_3126-hexa_612	-6.1	8.369 7.046 1.323 2.080577319 5.32577475435 3.38656003584
2020_Townsend_3127-hexa_613	-6.2	8.101 7.036 1.065 1.939260264 6.60657276995 3.62818757782
2020_Townsend_3128-hexa_614	-10	8.48 7.185 1.295 2.072223504 5.54826254826 3.4672900805
2020_Townsend_3129-hexa_615	-6.99	8.137 6.791 1.346 2.080108107 5.04531946508 3.26473416317
2020_Townsend_3130-hexa_616	-10	8.517 7.344 1.173 2.002917373 6.26086956522 3.66665150495
2020_Townsend_3131-hexa_617	-5.85	8.306 6.927 1.379 2.080521371 5.02320522117 3.3294539035
2020_Townsend_3132-hexa_618	-5.93	7.887 6.796 1.091 1.901783803 6.22914757104 3.57348715941
2020_Townsend_3133-hexa_619	-5.38	8.335 7.027 1.308 2.034525863 5.37232415902 3.45387597562
2020_Townsend_3134-hexa_620	-5.49	8.365 7.111 1.254 2.031319094 5.6706539075 3.50068092256
2020_Townsend_3135-hexa_621	-5.24	8.221 6.949 1.272 1.980983012 5.46305031447 3.50785441264
2020_Townsend_3136-hexa_622	-6.61	8.313 7.15 1.163 1.957512193 6.14789337919 3.65259538386
2020_Townsend_3137-hexa_623	-6.15	8.359 7.175 1.184 2.011860727 6.05996621622 3.56635024667
2020_Townsend_3138-hexa_624	-5.19	8.088 7.038 1.05 1.899921278 6.70285714286 3.70436400786
2020_Townsend_3139-hexa_625	-5.2	8.193 6.98 1.213 1.982141305 5.75432811212 3.52144419895
2020_Townsend_3140-hexa_626	-5.42	8.289 7.047 1.242 1.996657661 5.67391304348 3.52939822266
2020_Townsend_3141-hexa_627	-5.99	8.279 7.204 1.075 1.94575563 6.70139534884 3.70241765663
2020_Townsend_3142-hexa_628	-5.64	8.339 7.195 1.144 1.986043463 6.28933566434 3.6227807367
2020_Townsend_3143-hexa_629	-5.16	8.138 6.973 1.165 1.965332859 5.98540772532 3.54799949946
2020_Townsend_3144-hexa_630	-5.43	8.564 7.436 1.128 1.637023408 6.59219858156 4.54239075853
2020_Townsend_3145-hexa_631	-6.25	8.316 7.194 1.122 1.604485316 6.41176470588 4.48368079674
2020_Townsend_3146-hexa_632	-5.47	8.286 7.001 1.285 1.662982625 5.44824902724 4.20990568076
2020_Townsend_3147-hexa_633	-6.27	8.303 7.109 1.194 1.679800528 5.95393634841 4.23205010446
2020_Townsend_3148-hexa_634	-5.66	8.482 7.305 1.177 1.655055211 6.20645709431 4.41375003773
2020_Townsend_3149-hexa_635	-5.3	8.222 7.046 1.176 1.659735984 5.99149659864 4.24525350292
2020_Townsend_3150-hexa_636	-5.07	8.163 6.965 1.198 1.596425937 5.81385642738 4.36287073429
2020_Townsend_3151-hexa_637	-4.89	8.335 7.013 1.322 1.685756219 5.30484114977 4.16015075072
2020_Townsend_3152-hexa_638	-6.72	8.308 7.017 1.291 2.064320056 5.43532145624 3.39918220511
2020_Townsend_3153-hexa_639	-6.42	8.087 6.962 1.125 1.974512788 6.18844444444 3.52593310224
2020_Townsend_3154-hexa_640	-5.73	8.277 7.042 1.235 1.996943886 5.7020242915 3.52638852267
2020_Townsend_3155-hexa_641	-5.82	8.238 7.147 1.091 1.62440332 6.55087076077 4.39976938732
2020_Townsend_3156-hexa_642	-5.23	8.243 7.02 1.223 1.681336983 5.73998364677 4.17524866876
2020_Townsend_3157-hexa_643	-5.94	8.346 7.166 1.18 1.603796665 6.07288135593 4.46814746307
2020_Townsend_3158-hexa_644	-5.47	8.195 7.025 1.17 1.638255677 6.00427350427 4.2880974555
2020_Townsend_3159-hexa_645	-5.5	8.392 7.215 1.177 1.668884563 6.12999150382 4.32324689194
2020_Townsend_3160-hexa_646	-4.88	8.368 7.256 1.112 1.613430815 6.52517985612 4.49724892604
2020_Townsend_3161-hexa_647	-10	8.292 7.045 1.247 1.659900492 5.64955894146 4.24423032221
2020_Townsend_3162-hexa_648	-4.91	8.399 7.261 1.138 1.631926385 6.38049209139 4.4493428544
2020_Townsend_3163-hexa_649	-6.75	8.317 7.201 1.116 1.998039682 6.45250896057 3.60403252492
2020_Townsend_3164-hexa_650	-5.89	7.81 6.646 1.164 1.982992809 5.70962199313 3.35149979861
2020_Townsend_3165-hexa_651	-5.99	8.215 6.898 1.317 2.035637592 5.23766135156 3.38861889125
2020_Townsend_3166-hexa_652	-5.48	8.225 7.011 1.214 2.028836211 5.77512355848 3.45567570314
2020_Townsend_3167-hexa_653	-5.57	8.306 7.196 1.11 1.634287991 6.48288288288 4.40314071916
2020_Townsend_3168-hexa_654	-4.81	8.058 6.856 1.202 1.653457158 5.70382695507 4.1464636485
2020_Townsend_3169-hexa_655	-4.87	8.166 7.195 0.971 1.541158998 7.40988671473 4.66856437872
2020_Townsend_3170-hexa_656	-6.06	8.147 6.89 1.257 1.998348977 5.48130469372 3.44784623672
2020_Townsend_3171-hexa_657	-5.82	8.414 7.231 1.183 2.06414331 6.1124260355 3.50314823829
2020_Townsend_3172-hexa_658	-5.68	8.239 7.102 1.137 1.990266275 6.24626209323 3.56836675032
2020_Townsend_3173-hexa_659	-5.68	8.278 7.24 1.038 1.249062358 6.97495183044 5.7963479194
2020_Townsend_3174-hexa_660	-5.07	8.242 7.036 1.206 1.296537626 5.83416252073 5.42676113589
2020_Townsend_3175-hexa_661	-6.37	8.159 7.006 1.153 1.6882453 6.0763226366 4.14987087481
2020_Townsend_3176-hexa_662	-6.01	8.535 7.313 1.222 2.03445352 5.98445171849 3.59457708328
2020_Townsend_3177-hexa_663	-6.09	8.633 7.468 1.165 1.709760261 6.41030042918 4.36786382883
2020_Townsend_3178-hexa_664	-5.66	8.396 7.311 1.085 1.637076523 6.73824884793 4.46588775618
2020_Townsend_3179-hexa_665	-5.2	8.189 7.127 1.062 1.628102871 6.71092278719 4.37748752057
2020_Townsend_3180-hexa_666	-5.02	8.366 7.314 1.052 1.282755478 6.95247148289 5.70178816262
2020_Townsend_3181-hexa_667	-4.99	8.367 7.293 1.074 1.26863154 6.7905027933 5.74871408289
2020_Townsend_3182-hexa_668	-5.01	8.258 7.063 1.195 1.288658544 5.91046025105 5.48089331568
2020_Townsend_3183-hexa_669	-10	8.433 7.36 1.073 1.995267622 6.85927306617 3.68872822816
2020_Townsend_3184-hexa_670	-6.1	8.468 7.334 1.134 1.689825683 6.46737213404 4.34009263428
2020_Townsend_3185-hexa_671	-5.9	8.284 7.066 1.218 1.699568283 5.8013136289 4.15752639696
2020_Townsend_3186-hexa_672	-5.48	8.701 7.49 1.211 1.761994214 6.18497109827 4.25086526419
2020_Townsend_3187-hexa_673	-5.89	8.507 7.421 1.086 1.651568376 6.83333333333 4.49330473254
2020_Townsend_3188-hexa_674	-5.06	8.406 7.202 1.204 2.001367135 5.98172757475 3.5985401549
2020_Townsend_3189-hexa_675	-5.18	8.532 7.448 1.084 1.681338429 6.87084870849 4.42980417954
2020_Townsend_3190-hexa_676	-5	8.437 7.43 1.007 1.288645145 7.37835153923 5.765745542
2020_Townsend_3191-hexa_677	-10	8.334 7.194 1.14 1.977554508 6.31052631579 3.6378264017
2020_Townsend_3192-hexa_678	-6.49	8.426 7.238 1.188 1.706908061 6.09259259259 4.24041585213
2020_Townsend_3193-hexa_679	-5.04	8.494 7.294 1.2 1.726368193 6.07833333333 4.22505467233
2020_Townsend_3194-hexa_680	-5.44	8.201 7.019 1.182 1.683364761 5.93824027073 4.16962512381
2020_Townsend_3195-hexa_681	-5.2	8.422 7.281 1.141 1.686341939 6.38124452235 4.31762967617
2020_Townsend_3196-hexa_682	-5.81	8.436 7.233 1.203 1.723523054 6.01246882793 4.19663664099
2020_Townsend_3197-hexa_683	-5.48	8.471 7.239 1.232 1.384256722 5.87581168831 5.22952129107
2020_Townsend_3198-hexa_684	-5.69	8.489 7.374 1.115 1.321764137 6.6134529148 5.57890760808
2020_Townsend_3199-hexa_685	-5.54	8.097 7.121 0.976 1.574756953 7.29610655738 4.52196765122
2020_Townsend_3200-hexa_686	-5.57	8.228 7.072 1.156 1.336414119 6.11764705882 5.29177288646
2020_Townsend_3201-hexa_687	-5.25	8.384 7.243 1.141 1.328856571 6.34794040316 5.45055061477
2020_Townsend_3202-hexa_688	-5	8.468 7.391 1.077 1.30688841 6.8625812442 5.65541781796
2020_Townsend_3203-hexa_689	-5.26	8.243 7.198 1.045 1.293240696 6.88803827751 5.56586258247
2020_Townsend_3204-hexa_690	-6.15	8.437 7.285 1.152 1.70223417 6.32378472222 4.2796697002
2020_Townsend_3205-hexa_691	-5.34	8.579 7.574 1.005 1.312012906 7.53631840796 5.77280906717
2020_Townsend_3206-hexa_692	-5.27	8.462 7.494 0.968 1.30310251 7.74173553719 5.75089061873
2020_Townsend_3207-hexa_693	-5.37	8.444 7.42 1.024 1.297829545 7.24609375 5.71723769781
2020_Townsend_3208-hexa_694	-5.74	8.395 7.292 1.103 1.708693824 6.61106074343 4.26758726319
2020_Townsend_3209-hexa_695	-5.3	8.725 7.726 0.999 1.315709762 7.73373373373 5.87211573794
2020_Townsend_3210-hexa_696	-5.54	8.451 7.376 1.075 1.693972909 6.86139534884 4.35426089804
2020_Townsend_3211-hexa_697	-5.29	8.431 7.438 0.993 1.272764108 7.49043303122 5.84397372086
2020_Townsend_3212-hexa_698	-5.8	8.628 7.575 1.053 1.706038106 7.19373219373 4.44011184355
2020_Townsend_3213-hexa_699	-5.57	8.248 7.268 0.98 1.303049239 7.41632653061 5.5776863855
2020_Townsend_3214-hexa_700	-5.63	8.695 7.541 1.154 1.419393637 6.53466204506 5.31283204562
2020_Townsend_3215-hexa_701	-6.17	8.622 7.455 1.167 1.455939571 6.3881748072 5.12040482208
2020_Townsend_3216-hexa_702	-5.29	8.173 6.884 1.289 2.326612552 5.34057408844 2.95880807231
2020_Townsend_3217-hexa_703	-5.8	8.078 6.811 1.267 2.305373718 5.37569060773 2.9544016863
2020_Townsend_3218-hexa_704	-10	8.32 7.134 1.186 2.315088381 6.01517706577 3.08152382369
2020_Townsend_3219-hexa_705	-5.61	8.434 7.112 1.322 2.337449256 5.37972768533 3.04263289641
2020_Townsend_3220-hexa_706	-6.33	8.423 7.179 1.244 2.345589679 5.77090032154 3.06063761461
2020_Townsend_3221-hexa_707	-6.05	8.219 7.068 1.151 2.279832147 6.14074717637 3.10022823799
2020_Townsend_3222-hexa_708	-5.42	8.191 6.75 1.441 2.346436592 4.68424705066 2.87670249561
2020_Townsend_3223-hexa_709	-5.08	8.514 7.212 1.302 1.999278751 5.53917050691 3.60730088108
2020_Townsend_3224-hexa_710	-5.19	8.545 7.226 1.319 2.033084019 5.47839272176 3.55420628585
2020_Townsend_3225-hexa_711	-4.68	8.307 7.166 1.141 1.938752039 6.28045574058 3.69619211526
2020_Townsend_3226-hexa_712	-5.73	8.655 7.338 1.317 2.058281754 5.57175398633 3.56510958023
2020_Townsend_3227-hexa_713	-6.01	8.303 7.058 1.245 1.955512942 5.66907630522 3.60928319543
2020_Townsend_3228-hexa_714	-5.12	8.319 7.13 1.189 1.961055131 5.99663582843 3.6357978352
2020_Townsend_3229-hexa_715	-5.07	8.361 7.014 1.347 2.029660461 5.20712694878 3.45575042465
2020_Townsend_3230-hexa_716	-5.13	8.361 7.278 1.083 1.93975629 6.72022160665 3.75201773415
2020_Townsend_3231-hexa_717	-4.9	8.114 6.877 1.237 1.941569828 5.55941794665 3.54197922775
2020_Townsend_3232-hexa_718	-4.83	8.363 7.184 1.179 1.970410667 6.09329940628 3.64594047338
2020_Townsend_3233-hexa_719	-4.88	7.963 6.833 1.13 1.887650562 6.04690265487 3.61984370283
2020_Townsend_3234-hexa_720	-6	8.45 7.135 1.315 2.018648136 5.42585551331 3.53454367443
2020_Townsend_3235-hexa_721	-5.78	8.374 7.205 1.169 1.984484589 6.16338751069 3.63066563476
2020_Townsend_3236-hexa_722	-5.73	8.349 7.254 1.095 1.908585276 6.62465753425 3.80072092728
2020_Townsend_3237-hexa_723	-5.76	8.425 7.127 1.298 2.015514012 5.4907550077 3.53607067853
2020_Townsend_3238-hexa_724	-5.09	8.321 7.292 1.029 1.904265181 7.08649173955 3.82929860439
2020_Townsend_3239-hexa_725	-5	8.453 7.154 1.299 2.021766426 5.50731331794 3.53848986114
2020_Townsend_3240-hexa_726	-5.11	8.428 7.35 1.078 1.949578044 6.81818181818 3.77004656091
2020_Townsend_3241-hexa_727	-4.94	8.155 7.017 1.138 1.932979064 6.16608084359 3.63014795695
2020_Townsend_3242-hexa_728	-5.86	8.349 7.287 1.062 1.941605801 6.8615819209 3.75307902163
2020_Townsend_3243-hexa_729	-5.97	8.365 7.334 1.031 1.890280353 7.11348205626 3.87984776351
2020_Townsend_3244-hexa_730	-4.79	8.652 7.432 1.22 1.657888126 6.09180327869 4.48281152597
2020_Townsend_3245-hexa_731	-4.86	8.721 7.529 1.192 1.675213381 6.31627516779 4.49435283015
2020_Townsend_3246-hexa_732	-4.85	8.413 7.31 1.103 1.603918685 6.62737987307 4.55758765601
2020_Townsend_3247-hexa_733	-6.07	8.334 7.39 0.944 1.52797067 7.82838983051 4.83648027092
2020_Townsend_3248-hexa_734	-4.74	8.478 7.28 1.198 1.632733953 6.07679465776 4.45877908438
2020_Townsend_3249-hexa_735	-4.72	8.53 7.402 1.128 1.602604548 6.56205673759 4.61873143268
2020_Townsend_3250-hexa_736	-4.62	8.324 7.225 1.099 1.591907166 6.57415832575 4.53858124036
2020_Townsend_3251-hexa_737	-4.98	8.527 7.49 1.037 1.589759382 7.22275795564 4.71140481057
2020_Townsend_3252-hexa_738	-4	8.449 7.363 1.086 1.60099722 6.77992633517 4.5990086104
2020_Townsend_3253-hexa_739	-4	8.671 7.541 1.13 1.642359388 6.67345132743 4.59156507102
2020_Townsend_3254-hexa_740	-4	8.448 7.223 1.225 1.662982592 5.89632653061 4.34340084782
2020_Townsend_3255-hexa_741	-5	8.488 7.258 1.23 1.999960713 5.90081300813 3.62907128766
2020_Townsend_3256-hexa_742	-5.11	8.448 7.132 1.316 2.080742854 5.41945288754 3.42762200831
2020_Townsend_3257-hexa_743	-5.08	8.662 7.622 1.04 1.585889199 7.32884615385 4.80613652253
2020_Townsend_3258-hexa_744	-4.5	8.446 7.421 1.025 1.608146162 7.24 4.61463029627
2020_Townsend_3259-hexa_745	-4	8.536 7.299 1.237 1.682812871 5.90056588521 4.33738065936
2020_Townsend_3260-hexa_746	-4.67	8.418 7.247 1.171 1.633605268 6.18872758326 4.43620018982
2020_Townsend_3261-hexa_747	-4.69	8.487 7.371 1.116 1.601421129 6.60483870968 4.60278677889
2020_Townsend_3262-hexa_748	-5.44	8.258 7.045 1.213 1.990895105 5.80791426216 3.53860933321
2020_Townsend_3263-hexa_749	-5.83	8.563 7.334 1.229 1.992333296 5.967453214 3.68111099419
2020_Townsend_3264-hexa_750	-5.73	8.49 7.207 1.283 2.055150765 5.61730319564 3.50679868491
2020_Townsend_3265-hexa_751	-5.35	8.444 7.075 1.369 2.086939876 5.16800584368 3.39013120664
2020_Townsend_3266-hexa_752	-4	8.402 7.445 0.957 1.540565046 7.77951933124 4.83264242515
2020_Townsend_3267-hexa_753	-10	8.349 7.028 1.321 2.035099111 5.32021196064 3.45339446222
2020_Townsend_3268-hexa_754	-5.88	8.229 7.047 1.182 1.944001201 5.96192893401 3.62499776048
2020_Townsend_3269-hexa_755	-5.36	8.046 6.876 1.17 1.923864362 5.87692307692 3.57405653736
2020_Townsend_3270-hexa_756	-4	8.594 7.579 1.015 1.232781983 7.46699507389 6.14788348996
2020_Townsend_3271-hexa_757	-4.4	8.545 7.485 1.06 1.261639868 7.06132075472 5.93275481367
2020_Townsend_3272-hexa_758	-4	8.551 7.5 1.051 1.262050974 7.13606089439 5.94270766753
2020_Townsend_3273-hexa_759	-4	8.634 7.607 1.027 1.246240937 7.40701071081 6.1039561245
2020_Townsend_3274-hexa_760	-5.84	8.462 7.373 1.089 1.58853415 6.77043158861 4.64138589655
2020_Townsend_3275-hexa_761	-5.16	8.452 7.251 1.201 1.690898882 6.03746877602 4.28825169689
2020_Townsend_3276-hexa_762	-5.17	8.521 7.276 1.245 1.700641356 5.84417670683 4.2783859009
2020_Townsend_3277-hexa_763	-4.84	8.763 7.85 0.913 1.236982389 8.59802847755 6.34608873158
2020_Townsend_3278-hexa_764	-4	8.342 7.504 0.838 1.152396113 8.95465393795 6.51164987052
2020_Townsend_3279-hexa_765	-4.72	8.446 7.469 0.977 1.210793272 7.64483111566 6.16868310448
2020_Townsend_3280-hexa_766	-5.8	8.711 7.501 1.21 2.043573299 6.19917355372 3.67053141851
2020_Townsend_3281-hexa_767	-10	8.824 7.637 1.187 2.028497617 6.43386689132 3.76485529783
2020_Townsend_3282-hexa_768	-10	8.102 7.134 0.968 1.530886958 7.36983471074 4.66004361898
2020_Townsend_3283-hexa_769	-5.27	8.42 7.292 1.128 1.626021224 6.46453900709 4.4845663097
2020_Townsend_3284-hexa_770	-4.88	8.507 7.413 1.094 1.660153159 6.7760511883 4.46525066667
2020_Townsend_3285-hexa_771	-4.9	8.421 7.309 1.112 1.658900433 6.57284172662 4.40593049143
2020_Townsend_3286-hexa_772	-4.99	8.633 7.43 1.203 1.696097453 6.17622610141 4.38064451241
2020_Townsend_3287-hexa_773	-4.94	8.482 7.196 1.286 1.693387946 5.59564541213 4.24946924714
2020_Townsend_3288-hexa_774	-4.98	8.393 7.146 1.247 1.709629398 5.73055332799 4.17985325262
2020_Townsend_3289-hexa_775	-6.08	8.675 7.631 1.044 1.98366875 7.30938697318 3.84691244443
2020_Townsend_3290-hexa_776	-5.15	8.652 7.514 1.138 1.662701192 6.60281195079 4.5191523505
2020_Townsend_3291-hexa_777	-4.77	8.469 7.27 1.199 1.650503222 6.06338615513 4.40471724205
2020_Townsend_3292-hexa_778	-5.93	8.701 7.721 0.98 1.63177096 7.87857142857 4.73166895923
2020_Townsend_3293-hexa_779	-5.86	8.838 7.571 1.267 1.757325388 5.97553275454 4.30825164861
2020_Townsend_3294-hexa_780	-4.67	8.555 7.499 1.056 1.309959769 7.10132575758 5.72460328742
2020_Townsend_3295-hexa_781	-4.67	8.537 7.399 1.138 1.32568663 6.50175746924 5.58125867197
2020_Townsend_3296-hexa_782	-6.18	8.802 7.8 1.002 1.631431004 7.78443113772 4.78107868545
2020_Townsend_3297-hexa_783	-5.69	8.9 7.689 1.211 1.683173782 6.34929810074 4.56815575565
2020_Townsend_3298-hexa_784	-5.56	8.568 7.616 0.952 1.570801235 8.0 4.84848103649
2020_Townsend_3299-hexa_785	-4	8.564 7.549 1.015 1.275777218 7.43743842365 5.91717730454
2020_Townsend_3300-hexa_786	-4.82	8.479 7.397 1.082 1.308865816 6.83641404806 5.65145785731
2020_Townsend_3301-hexa_787	-4.76	8.573 7.402 1.171 1.352203308 6.32109308284 5.47402890986
2020_Townsend_3302-hexa_788	-5.48	8.376 7.115 1.261 1.714289616 5.64234734338 4.15040722034
2020_Townsend_3303-hexa_789	-5.75	8.444 7.387 1.057 1.297771438 6.98864711447 5.69206547756
2020_Townsend_3304-hexa_790	-4.81	8.451 7.372 1.079 1.289818369 6.83225208526 5.71553342485
2020_Townsend_3305-hexa_791	-5.48	8.479 7.448 1.031 1.649852707 7.2240543162 4.51434238244
2020_Townsend_3306-hexa_792	-5.38	8.666 7.669 0.997 1.271461965 7.69207622869 6.03163933417
2020_Townsend_3307-hexa_793	-4.89	8.864 7.739 1.125 1.375367439 6.87911111111 5.62685997978
2020_Townsend_3308-hexa_794	-4.75	8.796 7.898 0.898 1.245347891 8.79510022272 6.34200295121
2020_Townsend_3309-hexa_795	-6.17	9.029 7.739 1.29 1.815182279 5.9992248062 4.26348366747
2020_Townsend_3310-hexa_796	-6.07	8.767 7.736 1.031 1.673975055 7.50339476237 4.62133529224
2020_Townsend_3311-hexa_797	-5.03	8.458 7.319 1.139 1.374100876 6.42581211589 5.32639206323
2020_Townsend_3312-hexa_798	-4.54	8.678 7.574 1.104 1.330844161 6.86050724638 5.6911246425
2020_Townsend_3313-hexa_799	-6.11	8.632 7.559 1.073 1.672663419 7.04473438956 4.51913990235
2020_Townsend_3314-hexa_800	-5.75	8.592 7.565 1.027 1.684119396 7.36611489776 4.49196180388
2020_Townsend_3315-hexa_801	-5.14	8.496 7.342 1.154 1.379060034 6.36221837088 5.32391615955
2020_Townsend_3316-hexa_802	-4.9	8.757 7.704 1.053 1.36397952 7.31623931624 5.64817864714
2020_Townsend_3317-hexa_803	-5.28	8.74 7.764 0.976 1.304943635 7.95491803279 5.94968226348
2020_Townsend_3318-hexa_804	-5.71	8.763 7.63 1.133 1.432093118 6.73433362754 5.32786583784
2020_Townsend_3319-hexa_805	-10	8.216 7.057 1.159 2.259111795 6.08886971527 3.1237940573
2020_Townsend_3320-hexa_806	-5.4	8.232 7.118 1.114 2.269654829 6.38958707361 3.13615969664
2020_Townsend_3321-hexa_807	-6.12	8.468 7.182 1.286 2.336492184 5.58475894246 3.0738386583
2020_Townsend_3322-hexa_808	-5.49	8.234 7.016 1.218 2.321635701 5.76026272578 3.02200728434
2020_Townsend_3323-hexa_809	-10	8.15 6.91 1.24 2.302321567 5.57258064516 3.00131836449
2020_Townsend_3324-hexa_810	-6.36	8.391 6.993 1.398 2.376555811 5.00214592275 2.94249348895
2020_Townsend_3325-hexa_811	-5.08	8.276 7.124 1.152 2.293490446 6.18402777778 3.10618254915
2020_Townsend_3326-hexa_812	-6.26	8.156 6.963 1.193 2.274319859 5.83654652137 3.06157463843
2020_Townsend_3327-hexa_813	-5.8	8.508 7.198 1.31 2.01980183 5.49465648855 3.56371595128
2020_Townsend_3328-hexa_814	-5.25	8.367 7.159 1.208 1.949955919 5.92632450331 3.67136504484
2020_Townsend_3329-hexa_815	-4.94	8.295 7.02 1.275 1.942897463 5.50588235294 3.61316031015
2020_Townsend_3330-hexa_816	-5.55	8.512 7.379 1.133 1.947167792 6.51279788173 3.78960664321
2020_Townsend_3331-hexa_817	-5.19	8.573 7.328 1.245 2.001015639 5.8859437751 3.66214029375
2020_Townsend_3332-hexa_818	-5.14	8.508 7.204 1.304 1.992800693 5.5245398773 3.61501279345
2020_Townsend_3333-hexa_819	-5.16	8.525 7.369 1.156 1.996508432 6.37456747405 3.69094359026
2020_Townsend_3334-hexa_820	-5.05	8.308 7.256 1.052 1.901415616 6.89733840304 3.81610413786
2020_Townsend_3335-hexa_821	-4.97	8.435 7.248 1.187 1.951260528 6.10614995788 3.71452191852
2020_Townsend_3336-hexa_822	-5.38	8.487 7.262 1.225 1.992084605 5.92816326531 3.6454274993
2020_Townsend_3337-hexa_823	-5.28	8.105 7.043 1.062 1.878643574 6.631826742 3.74898149786
2020_Townsend_3338-hexa_824	-5.37	8.397 7.288 1.109 1.948474919 6.57168620379 3.74036120708
2020_Townsend_3339-hexa_825	-5.02	8.307 7.272 1.035 1.918470544 7.02608695652 3.79051949624
2020_Townsend_3340-hexa_826	-5.13	8.279 7.111 1.168 1.895397781 6.08818493151 3.75171906989
2020_Townsend_3341-hexa_827	-5.02	8.4 7.224 1.176 1.965741439 6.14285714286 3.67494923629
2020_Townsend_3342-hexa_828	-5.16	8.21 7.053 1.157 1.907795485 6.0959377701 3.69693714838
2020_Townsend_3343-hexa_829	-5.4	8.318 7.244 1.074 1.931655571 6.74487895717 3.75015096312
2020_Townsend_3344-hexa_830	-5.79	8.309 7.213 1.096 1.912813103 6.58120437956 3.77088592121
2020_Townsend_3345-hexa_831	-4.79	8.439 7.34 1.099 1.594443622 6.6787989081 4.60348669512
2020_Townsend_3346-hexa_832	-4.82	8.514 7.372 1.142 1.558056527 6.45534150613 4.73153564858
2020_Townsend_3347-hexa_833	-5.7	8.542 7.335 1.207 1.592705203 6.07705053853 4.60537203381
2020_Townsend_3348-hexa_834	-4.96	8.52 7.472 1.048 1.571328007 7.12977099237 4.75521340338
2020_Townsend_3349-hexa_835	-4.86	8.5 7.386 1.114 1.607931436 6.63016157989 4.59347944485
2020_Townsend_3350-hexa_836	-4.78	8.26 7.262 0.998 1.53460198 7.27655310621 4.73217166056
2020_Townsend_3351-hexa_837	-5.21	8.507 7.465 1.042 1.601090082 7.1641074856 4.66244846803
2020_Townsend_3352-hexa_838	-4.85	8.37 7.461 0.909 1.507252733 8.20792079208 4.95006566361
2020_Townsend_3353-hexa_839	-5.77	8.689 7.608 1.081 2.023051501 7.03792784459 3.76065562159
2020_Townsend_3354-hexa_840	-5.07	8.212 7.044 1.168 1.919262334 6.03082191781 3.67016007933
2020_Townsend_3355-hexa_841	-4.86	8.467 7.49 0.977 1.586644771 7.66632548618 4.72065337932
2020_Townsend_3356-hexa_842	-4.75	8.222 7.194 1.028 1.558149403 6.99805447471 4.61701553532
2020_Townsend_3357-hexa_843	-4.85	8.6 7.447 1.153 1.644793417 6.45880312229 4.52762026102
2020_Townsend_3358-hexa_844	-4.81	8.058 7.142 0.916 1.462863184 7.79694323144 4.88220640051
2020_Townsend_3359-hexa_845	-4.8	8.601 7.633 0.968 1.562322362 7.88533057851 4.88567544423
2020_Townsend_3360-hexa_846	-4.73	8.365 7.421 0.944 1.516027366 7.86122881356 4.89503037111
2020_Townsend_3361-hexa_847	-4.81	8.411 7.39 1.021 1.556984189 7.23800195886 4.74635519886
2020_Townsend_3362-hexa_848	-10	8.392 7.216 1.176 1.970333763 6.13605442177 3.66232368115
2020_Townsend_3363-hexa_849	-5.97	8.7 7.496 1.204 2.039465049 6.22591362126 3.67547362661
2020_Townsend_3364-hexa_850	-5.69	8.309 7.043 1.266 2.02934672 5.56319115324 3.47057500357
2020_Townsend_3365-hexa_851	-4.77	8.388 7.4 0.988 1.542713342 7.48987854251 4.79674337321
2020_Townsend_3366-hexa_852	-5.78	8.18 6.966 1.214 1.958899261 5.73805601318 3.55607873191
2020_Townsend_3367-hexa_853	-5.77	8.4 7.112 1.288 2.030533358 5.52173913043 3.50252802889
2020_Townsend_3368-hexa_854	-5.22	8.356 7.205 1.151 1.971004762 6.25977410947 3.65549598809
2020_Townsend_3369-hexa_855	-4.8	8.423 7.461 0.962 1.200649551 7.75571725572 6.21413633461
2020_Townsend_3370-hexa_856	-4.76	8.457 7.565 0.892 1.19342714 8.48094170404 6.33888718167
2020_Townsend_3371-hexa_857	-6.22	8.472 7.318 1.154 1.598836278 6.34142114385 4.57707902973
2020_Townsend_3372-hexa_858	-5.13	8.714 7.634 1.08 1.657613359 7.06851851852 4.60541655179
2020_Townsend_3373-hexa_859	-5.3	8.393 7.366 1.027 1.592173793 7.1723466407 4.62637937666
2020_Townsend_3374-hexa_860	-5.26	8.584 7.402 1.182 1.978694878 6.26226734349 3.74084962886
2020_Townsend_3375-hexa_861	-4.94	8.796 7.66 1.136 1.697189641 6.74295774648 4.51334359753
2020_Townsend_3376-hexa_862	-4.77	8.659 7.55 1.109 1.279098079 6.80793507665 5.90259662176
2020_Townsend_3377-hexa_863	-4.85	8.45 7.599 0.851 1.162296241 8.9294947121 6.53792013769
2020_Townsend_3378-hexa_864	-5.89	8.451 7.317 1.134 1.947293534 6.45238095238 3.75752287585
2020_Townsend_3379-hexa_865	-5.26	8.775 7.654 1.121 1.673179158 6.8278322926 4.57452506709
2020_Townsend_3380-hexa_866	-5.09	8.561 7.406 1.155 1.654508397 6.41212121212 4.47625410269
2020_Townsend_3381-hexa_867	-5.14	8.797 7.595 1.202 1.726013492 6.31863560732 4.40031322768
2020_Townsend_3382-hexa_868	-4.73	8.305 7.279 1.026 1.58855321 7.09454191033 4.58215686713
2020_Townsend_3383-hexa_869	-4.77	8.559 7.628 0.931 1.203874525 8.19334049409 6.33620850146
2020_Townsend_3384-hexa_870	-5.96	8.836 7.528 1.308 2.100150324 5.75535168196 3.58450531563
2020_Townsend_3385-hexa_871	-5.07	8.525 7.446 1.079 1.652816327 6.90083410565 4.5050377821
2020_Townsend_3386-hexa_872	-5.07	8.487 7.418 1.069 1.637370677 6.93919550982 4.53043413089
2020_Townsend_3387-hexa_873	-4.93	8.336 7.185 1.151 1.607888952 6.24239791486 4.46859218173
2020_Townsend_3388-hexa_874	-5.66	8.642 7.61 1.032 1.605477761 7.37403100775 4.74002205752
2020_Townsend_3389-hexa_875	-5.29	8.902 7.705 1.197 1.667689891 6.43692564745 4.62016352176
2020_Townsend_3390-hexa_876	-4.97	8.579 7.531 1.048 1.287728215 7.18606870229 5.8482837545
2020_Townsend_3391-hexa_877	-5.01	8.5 7.485 1.015 1.249537651 7.37438423645 5.99021565617
2020_Townsend_3392-hexa_878	-5.51	8.465 7.39 1.075 1.584683411 6.87441860465 4.66339203699
2020_Townsend_3393-hexa_879	-5.3	8.653 7.595 1.058 1.296512376 7.1786389414 5.85802352572
2020_Townsend_3394-hexa_880	-5.42	8.967 7.773 1.194 1.700396581 6.51005025126 4.57128653801
2020_Townsend_3395-hexa_881	-4.94	8.465 7.366 1.099 1.2985355 6.70245677889 5.67254418535
2020_Townsend_3396-hexa_882	-5.43	8.621 7.55 1.071 1.692286377 7.04948646125 4.46141982977
2020_Townsend_3397-hexa_883	-4.85	8.682 7.692 0.99 1.28898207 7.7696969697 5.96749960998
2020_Townsend_3398-hexa_884	-4.85	8.601 7.697 0.904 1.254951056 8.51438053097 6.13330692317
2020_Townsend_3399-hexa_885	-4.94	8.472 7.46 1.012 1.257439055 7.37154150198 5.93269309581
2020_Townsend_3400-hexa_886	-5.49	8.586 7.498 1.088 1.695061709 6.89154411765 4.42343777822
2020_Townsend_3401-hexa_887	-5.22	8.833 7.848 0.985 1.305006875 7.96751269036 6.01376142175
2020_Townsend_3402-hexa_888	-5.9	9.047 7.99 1.057 1.729220781 7.55912961211 4.6205782904
2020_Townsend_3403-hexa_889	-5.42	8.772 7.728 1.044 1.340197978 7.40229885057 5.76631223659
2020_Townsend_3404-hexa_890	-5.1	8.819 7.769 1.05 1.305100211 7.39904761905 5.95279958927
2020_Townsend_3405-hexa_891	-6.01	8.879 7.781 1.098 1.709021624 7.08652094718 4.55289733654
2020_Townsend_3406-hexa_892	-5.89	8.773 7.576 1.197 1.706671796 6.32915622389 4.43904915858
2020_Townsend_3407-hexa_893	-5.3	8.768 7.7 1.068 1.355138447 7.20973782772 5.68207626095
2020_Townsend_3408-hexa_894	-5.54	9.133 8.109 1.024 1.36965387 7.9189453125 5.92047390776
2020_Townsend_3409-hexa_895	-5.36	9.155 8.034 1.121 1.408780544 7.16681534344 5.70280448166
2020_Townsend_3410-hexa_896	-6.11	8.659 7.673 0.986 1.355539804 7.78194726166 5.66047561079
2020_Townsend_3411-hexa_897	-5.06	8.33 7.066 1.264 2.353444385 5.59018987342 3.00240789416
2020_Townsend_3412-hexa_898	-6.11	8.24 7.014 1.226 2.346317257 5.72104404568 2.98936555961
2020_Townsend_3413-hexa_899	-10	8.526 7.238 1.288 2.372016427 5.61956521739 3.05141225736
2020_Townsend_3414-hexa_900	-5.15	8.195 6.987 1.208 2.2972562 5.78394039735 3.04145440983
2020_Townsend_3415-hexa_901	-6.06	8.299 7.097 1.202 2.297860613 5.90432612313 3.08852502186
2020_Townsend_3416-hexa_902	-6.01	8.212 7.028 1.184 2.296493062 5.93581081081 3.06031841171
2020_Townsend_3417-hexa_903	-6.68	8.47 6.995 1.475 2.42208565 4.74237288136 2.88800687127
2020_Townsend_3418-hexa_904	-10	8.399 7.096 1.303 2.011836433 5.44589409056 3.52712570645
2020_Townsend_3419-hexa_905	-5.7	8.428 7.153 1.275 2.023398072 5.61019607843 3.53514224363
2020_Townsend_3420-hexa_906	-4.99	8.166 7.127 1.039 1.874497811 6.85948026949 3.80208499481
2020_Townsend_3421-hexa_907	-5.71	8.504 7.309 1.195 2.011211504 6.11631799163 3.63412797981
2020_Townsend_3422-hexa_908	-5.59	8.603 7.375 1.228 1.989527643 6.00570032573 3.70691004267
2020_Townsend_3423-hexa_909	-6.18	8.509 7.237 1.272 2.049648353 5.68946540881 3.53084956715
2020_Townsend_3424-hexa_910	-5.51	8.241 7.065 1.176 1.907788532 6.00765306122 3.7032406273
2020_Townsend_3425-hexa_911	-5.06	8.41 7.108 1.302 2.009990035 5.45929339478 3.53633594009
2020_Townsend_3426-hexa_912	-5.05	8.177 7.038 1.139 1.891219692 6.17910447761 3.72140795158
2020_Townsend_3427-hexa_913	-5.88	8.485 7.249 1.236 1.985610165 5.86488673139 3.65076696714
2020_Townsend_3428-hexa_914	-6.19	8.331 7.132 1.199 1.980749687 5.94829024187 3.60065688603
2020_Townsend_3429-hexa_915	-5.34	8.216 7.132 1.084 1.899051012 6.57933579336 3.75555999019
2020_Townsend_3430-hexa_916	-5.49	8.313 7.185 1.128 1.9219764 6.36968085106 3.73833934693
2020_Townsend_3431-hexa_917	-5.43	8.33 7.102 1.228 1.989973371 5.78338762215 3.5688919779
2020_Townsend_3432-hexa_918	-4.89	8.295 7.128 1.167 1.938495473 6.10796915167 3.67707848653
2020_Townsend_3433-hexa_919	-5.29	8.354 7.177 1.177 1.949906836 6.09770603229 3.6806886706
2020_Townsend_3434-hexa_920	-5.43	8.137 7.03 1.107 1.874669308 6.3504968383 3.7499947164
2020_Townsend_3435-hexa_921	-5.04	8.403 7.101 1.302 2.020552778 5.45391705069 3.51438481455
2020_Townsend_3436-hexa_922	-5.19	8.351 7.167 1.184 1.623964659 6.05320945946 4.41327338023
2020_Townsend_3437-hexa_923	-5.15	8.506 7.36 1.146 1.643791425 6.42233856894 4.47745370128
2020_Townsend_3438-hexa_924	-5.37	8.466 7.302 1.164 1.605746355 6.27319587629 4.54741807588
2020_Townsend_3439-hexa_925	-4.86	8.44 7.314 1.126 1.623291571 6.49555950266 4.50566006173
2020_Townsend_3440-hexa_926	-6.02	8.338 7.017 1.321 2.050401515 5.31188493565 3.42225654276
2020_Townsend_3441-hexa_927	-5.2	8.478 7.217 1.261 2.028592344 5.72323552736 3.55763937557
2020_Townsend_3442-hexa_928	-5.08	8.415 7.417 0.998 1.540413505 7.43186372745 4.8149409077
2020_Townsend_3443-hexa_929	-5.26	8.32 7.342 0.978 1.53087676 7.50715746421 4.79594451483
2020_Townsend_3444-hexa_930	-4.92	8.366 7.246 1.12 1.589640065 6.46964285714 4.55826457796
2020_Townsend_3445-hexa_931	-4.96	8.453 7.221 1.232 1.656458058 5.8612012987 4.35930144149
2020_Townsend_3446-hexa_932	-4.87	8.528 7.375 1.153 1.62953264 6.39635732871 4.52583754321
2020_Townsend_3447-hexa_933	-6.08	8.3 7.005 1.295 2.053132953 5.40926640927 3.41185892992
2020_Townsend_3448-hexa_934	-5.79	8.297 6.975 1.322 2.07008748 5.276096823 3.36942282265
2020_Townsend_3449-hexa_935	-4.92	8.444 7.342 1.102 1.611374513 6.66243194192 4.55635852545
2020_Townsend_3450-hexa_936	-10	8.518 7.312 1.206 2.031996913 6.06301824212 3.59843066356
2020_Townsend_3451-hexa_937	-5.22	8.312 7.36 0.952 1.90352553 7.73109243697 3.86650973891
2020_Townsend_3452-hexa_938	-4.84	8.45 7.474 0.976 1.226413671 7.65778688525 6.09419168812
2020_Townsend_3453-hexa_939	-4.84	8.516 7.518 0.998 1.22882855 7.53306613226 6.11802191608
2020_Townsend_3454-hexa_940	-5.02	8.457 7.263 1.194 1.284899021 6.08291457286 5.65258427417
2020_Townsend_3455-hexa_941	-5.2	8.683 7.492 1.191 1.711376169 6.29051217464 4.37776342555
2020_Townsend_3456-hexa_942	-5.35	8.458 7.233 1.225 1.672171831 5.90448979592 4.32551240603
2020_Townsend_3457-hexa_943	-4.91	8.521 7.562 0.959 1.209294629 7.88529718457 6.25323210627
2020_Townsend_3458-hexa_944	-6.12	8.385 7.262 1.123 1.869505315 6.46660730187 3.88445004234
2020_Townsend_3459-hexa_945	-5.95	8.849 7.659 1.19 2.072211152 6.43613445378 3.69605191662
2020_Townsend_3460-hexa_946	-5.7	8.354 7.299 1.055 1.593361835 6.91848341232 4.58088039996
2020_Townsend_3461-hexa_947	-5.68	8.566 7.308 1.258 1.691138931 5.80922098569 4.32134809627
2020_Townsend_3462-hexa_948	-5.61	8.358 7.48 0.878 1.542873664 8.51936218679 4.84809623402
2020_Townsend_3463-hexa_949	-5.11	8.407 7.324 1.083 1.605060105 6.76269621422 4.56306899485
2020_Townsend_3464-hexa_950	-5.19	8.401 7.257 1.144 1.661860028 6.34353146853 4.36679375984
2020_Townsend_3465-hexa_951	-10	8.202 7.003 1.199 2.028463108 5.84070058382 3.45236744626
2020_Townsend_3466-hexa_952	-5.31	8.348 7.228 1.12 1.630495097 6.45357142857 4.43300934379
2020_Townsend_3467-hexa_953	-5.56	8.642 7.45 1.192 1.6652279 6.25 4.4738621062
2020_Townsend_3468-hexa_954	-5.23	8.311 7.309 1.002 1.56590714 7.29441117764 4.66758201256
2020_Townsend_3469-hexa_955	-5.75	8.41 7.442 0.968 1.570752005 7.68801652893 4.73785802998
2020_Townsend_3470-hexa_956	-5.53	8.47 7.491 0.979 1.588457886 7.65168539326 4.71589462083
2020_Townsend_3471-hexa_957	-5.18	8.531 7.508 1.023 1.287983014 7.33919843597 5.82926942234
2020_Townsend_3472-hexa_958	-10	8.676 7.596 1.08 1.665521668 7.03333333333 4.56073322007
2020_Townsend_3473-hexa_959	-5.6	8.193 7.171 1.022 1.566625058 7.01663405088 4.57735561127
2020_Townsend_3474-hexa_960	-5.44	8.613 7.513 1.1 1.308589314 6.83 5.74129707435
2020_Townsend_3475-hexa_961	-5.17	8.645 7.59 1.055 1.63220848 7.19431279621 4.65014126137
2020_Townsend_3476-hexa_962	-4.99	8.482 7.517 0.965 1.246335479 7.7896373057 6.0312814059
2020_Townsend_3477-hexa_963	-5.22	8.381 7.444 0.937 1.232835967 7.94450373533 6.03811066456
2020_Townsend_3478-hexa_964	-5.72	8.387 7.17 1.217 1.701461636 5.89153656532 4.21402390057
2020_Townsend_3479-hexa_965	-5.1	8.633 7.599 1.034 1.295995079 7.34912959381 5.86344818984
2020_Townsend_3480-hexa_966	-10	8.207 7.005 1.202 1.697423148 5.82778702163 4.12684368553
2020_Townsend_3481-hexa_967	-5.19	8.718 7.703 1.015 1.284595488 7.58916256158 5.99644018055
2020_Townsend_3482-hexa_968	-5.89	8.264 7.233 1.031 1.295336062 7.01551891368 5.58387912773
2020_Townsend_3483-hexa_969	-5.9	8.77 7.554 1.216 1.730006716 6.21217105263 4.3664570375
2020_Townsend_3484-hexa_970	-5.64	8.521 7.481 1.04 1.687099274 7.19326923077 4.43423817157
2020_Townsend_3485-hexa_971	-5.22	8.886 7.799 1.087 1.349224906 7.17479300828 5.78035579192
2020_Townsend_3486-hexa_972	-10	8.427 7.318 1.109 1.657489712 6.59873760144 4.41511036058
2020_Townsend_3487-hexa_973	-5.81	8.619 7.338 1.281 1.768650351 5.72833723653 4.14892632444
2020_Townsend_3488-hexa_974	-5.43	8.483 7.451 1.032 1.326452984 7.21996124031 5.6172364116
2020_Townsend_3489-hexa_975	-5.45	8.577 7.558 1.019 1.308920422 7.41707556428 5.77422421789
2020_Townsend_3490-hexa_976	-6.22	8.639 7.664 0.975 1.33989279 7.86051282051 5.71986061661
2020_Townsend_3491-hexa_977	-5.23	8.177 6.953 1.224 2.290737403 5.68055555556 3.03526715498
2020_Townsend_3492-hexa_978	-6.55	8.322 7.155 1.167 2.328023739 6.13110539846 3.07342226805
2020_Townsend_3493-hexa_979	-6.13	8.27 6.962 1.308 2.320178052 5.32262996942 3.00063178082
2020_Townsend_3494-hexa_980	-5.26	8.485 7.104 1.381 2.375228671 5.14409847936 2.99086992622
2020_Townsend_3495-hexa_981	-6.39	8.369 7.19 1.179 2.320399878 6.0983884648 3.09860385193
2020_Townsend_3496-hexa_982	-6.12	8.058 6.951 1.107 2.240347777 6.27913279133 3.10264329108
2020_Townsend_3497-hexa_983	-6.41	8.291 7.142 1.149 2.29450849 6.21583986075 3.11264919312
2020_Townsend_3498-hexa_984	-7.2	8.271 7.103 1.168 2.274888594 6.08133561644 3.12235070268
2020_Townsend_3499-hexa_985	-5.97	8.319 7.186 1.133 1.928723266 6.34245366284 3.72578074142
2020_Townsend_3500-hexa_986	-5.86	8.171 7.083 1.088 1.849052989 6.51011029412 3.83060952938
2020_Townsend_3501-hexa_987	-5.52	8.332 7.309 1.023 1.8995262 7.14467253177 3.84780162548
2020_Townsend_3502-hexa_988	-5.76	8.343 7.192 1.151 1.947673492 6.24847958297 3.69261071198
2020_Townsend_3503-hexa_989	-5.25	8.502 7.31 1.192 2.001444343 6.13255033557 3.65236236799
2020_Townsend_3504-hexa_990	-5.18	8.28 7.066 1.214 1.941947228 5.82042833608 3.63861586871
2020_Townsend_3505-hexa_991	-5.51	8.504 7.365 1.139 1.944034972 6.46619841967 3.78851209267
2020_Townsend_3506-hexa_992	-5.18	8.176 7.127 1.049 1.861806062 6.79408960915 3.82800343466
2020_Townsend_3507-hexa_993	-5.2	8.428 7.33 1.098 1.92219861 6.67577413479 3.81334164007
2020_Townsend_3508-hexa_994	-5.72	8.399 7.173 1.226 1.957809561 5.85073409462 3.66378842094
2020_Townsend_3509-hexa_995	-5.53	8.231 7.189 1.042 1.866221763 6.89923224568 3.85216813057
2020_Townsend_3510-hexa_996	-5.41	8.523 7.296 1.227 2.019348188 5.94621026895 3.61304704328
2020_Townsend_3511-hexa_997	-5.46	8.268 7.238 1.03 1.905479517 7.02718446602 3.79851892158
2020_Townsend_3512-hexa_998	-4.96	8.047 7.061 0.986 1.852968026 7.16125760649 3.81064319563
2020_Townsend_3513-hexa_999	-5.1	8.466 7.349 1.117 1.955340539 6.57923008057 3.75842460861
2020_Townsend_3514-hexa_1000	-5.29	8.214 7.099 1.115 1.911823765 6.3668161435 3.71320836678
2020_Townsend_3515-hexa_1001	-5.4	8.371 7.39 0.981 1.893717836 7.53312945973 3.90237651012
2020_Townsend_3516-hexa_1002	-5.41	8.325 7.254 1.071 1.904635943 6.7731092437 3.80860186256
2020_Townsend_3517-hexa_1003	-4.83	8.403 7.381 1.022 1.558127272 7.22211350294 4.73709698344
2020_Townsend_3518-hexa_1004	-5.25	8.373 7.334 1.039 1.587727469 7.05871029836 4.61918064857
2020_Townsend_3519-hexa_1005	-4.95	8.124 7.129 0.995 1.52734685 7.1648241206 4.66757108904
2020_Townsend_3520-hexa_1006	-5.05	8.359 7.343 1.016 1.545758893 7.22736220472 4.75041743784
2020_Townsend_3521-hexa_1007	-5.09	8.352 7.215 1.137 1.567698597 6.34564643799 4.60228771896
2020_Townsend_3522-hexa_1008	-5.04	8.49 7.364 1.126 1.583856642 6.53996447602 4.64941068827
2020_Townsend_3523-hexa_1009	-5.06	8.431 7.29 1.141 1.610545965 6.38913234005 4.52641536375
2020_Townsend_3524-hexa_1010	-6.04	8.652 7.402 1.25 2.070017467 5.9216 3.57581523731
2020_Townsend_3525-hexa_1011	-5.63	8.264 7.2 1.064 1.915948996 6.76691729323 3.75792884624
2020_Townsend_3526-hexa_1012	-5.55	8.4 7.288 1.112 1.560617652 6.55395683453 4.66994589652
2020_Townsend_3527-hexa_1013	-4.96	8.261 7.348 0.913 1.484755802 8.04819277108 4.94896197078
2020_Townsend_3528-hexa_1014	-4.84	8.651 7.58 1.071 1.610612399 7.07749766573 4.70628439512
2020_Townsend_3529-hexa_1015	-4.91	8.357 7.332 1.025 1.565682598 7.15317073171 4.68294149106
2020_Townsend_3530-hexa_1016	-4.82	8.417 7.397 1.02 1.5858908 7.25196078431 4.6642555717
2020_Townsend_3531-hexa_1017	-4.89	8.468 7.456 1.012 1.554144843 7.36758893281 4.79749364004
2020_Townsend_3532-hexa_1018	-5.04	8.495 7.47 1.025 1.558423165 7.28780487805 4.7933065728
2020_Townsend_3533-hexa_1019	-10	8.324 7.212 1.112 1.979713453 6.48561151079 3.64295145293
2020_Townsend_3534-hexa_1020	-5.28	8.424 7.22 1.204 2.032202381 5.99667774086 3.55279575868
2020_Townsend_3535-hexa_1021	-5.69	8.412 7.326 1.086 1.984187351 6.74585635359 3.69219166542
2020_Townsend_3536-hexa_1022	-5.47	8.463 7.329 1.134 1.600506323 6.46296296296 4.5791759112
2020_Townsend_3537-hexa_1023	-4.87	8.455 7.39 1.065 1.597659242 6.93896713615 4.62551700997
2020_Townsend_3538-hexa_1024	-4.85	8.431 7.481 0.95 1.522891371 7.87473684211 4.91236613619
2020_Townsend_3539-hexa_1025	-6.46	8.583 7.282 1.301 2.093660992 5.59723289777 3.47811800851
2020_Townsend_3540-hexa_1026	-5.83	8.515 7.446 1.069 1.991513298 6.96538821328 3.73886531789
2020_Townsend_3541-hexa_1027	-4.9	8.458 7.437 1.021 1.22515982 7.28403525955 6.07022845395
2020_Townsend_3542-hexa_1028	-5.06	8.379 7.283 1.096 1.246874417 6.6450729927 5.84100523734
2020_Townsend_3543-hexa_1029	-5.09	8.393 7.416 0.977 1.567229594 7.59058341863 4.73191677109
2020_Townsend_3544-hexa_1030	-5.26	8.323 7.244 1.079 1.581714011 6.71362372567 4.5798418359
2020_Townsend_3545-hexa_1031	-4.87	8.473 7.44 1.033 1.221332214 7.20232333011 6.09170863973
2020_Townsend_3546-hexa_1032	-4.97	8.476 7.445 1.031 1.232164958 7.22114451988 6.04221046189
2020_Townsend_3547-hexa_1033	-10	8.195 7.159 1.036 1.895489267 6.91023166023 3.77686126988
2020_Townsend_3548-hexa_1034	-6.33	8.203 7.18 1.023 1.90013771 7.01857282502 3.77867349414
2020_Townsend_3549-hexa_1035	-5.95	8.415 7.301 1.114 1.596551402 6.55385996409 4.57298148425
2020_Townsend_3550-hexa_1036	-5.3	8.658 7.486 1.172 1.72549495 6.38737201365 4.33846531976
2020_Townsend_3551-hexa_1037	-5.21	8.356 7.153 1.203 1.66169178 5.9459684123 4.3046490848
2020_Townsend_3552-hexa_1038	-5.21	8.34 7.462 0.878 1.551799023 8.49886104784 4.80861238434
2020_Townsend_3553-hexa_1039	-5.25	8.275 7.259 1.016 1.60038986 7.14468503937 4.53576980299
2020_Townsend_3554-hexa_1040	-5.52	8.421 7.287 1.134 1.614233425 6.42592592593 4.51421701914
2020_Townsend_3555-hexa_1041	-5.55	8.54 7.412 1.128 1.660229626 6.57092198582 4.46444267945
2020_Townsend_3556-hexa_1042	-4.81	8.245 7.393 0.852 1.130381356 8.67723004695 6.54027064473
2020_Townsend_3557-hexa_1043	-6.17	8.484 7.365 1.119 1.951630214 6.581769437 3.77376817963
2020_Townsend_3558-hexa_1044	-5.14	8.682 7.636 1.046 1.636707473 7.30019120459 4.66546412598
2020_Townsend_3559-hexa_1045	-4.9	8.661 7.445 1.216 1.729912181 6.12253289474 4.30368667368
2020_Townsend_3560-hexa_1046	-5.22	8.421 7.388 1.033 1.602242018 7.15198451113 4.61103873011
2020_Townsend_3561-hexa_1047	-5.66	8.502 7.311 1.191 1.709783012 6.13853904282 4.275981191
2020_Townsend_3562-hexa_1048	-5.49	8.443 7.295 1.148 1.299523031 6.35452961672 5.61359808636
2020_Townsend_3563-hexa_1049	-5.09	8.563 7.531 1.032 1.270751628 7.29748062016 5.92641381216
2020_Townsend_3564-hexa_1050	-5.43	8.499 7.518 0.981 1.250346996 7.66360856269 6.01273088515
2020_Townsend_3565-hexa_1051	-6.22	8.336 7.328 1.008 1.616201399 7.26984126984 4.53408839055
2020_Townsend_3566-hexa_1052	-5.72	8.322 7.313 1.009 1.612221896 7.24777006938 4.53597610735
2020_Townsend_3567-hexa_1053	-5.58	8.864 7.871 0.993 1.300010611 7.92648539778 6.05456596539
2020_Townsend_3568-hexa_1054	-5.4	8.825 7.756 1.069 1.319823164 7.25537885875 5.87654483688
2020_Townsend_3569-hexa_1055	-5.59	8.233 7.231 1.002 1.574043156 7.21656686627 4.59390199845
2020_Townsend_3570-hexa_1056	-5.99	8.8 7.634 1.166 1.701994457 6.54716981132 4.48532600597
2020_Townsend_3571-hexa_1057	-5.31	8.371 7.469 0.902 1.246179489 8.28048780488 5.99351864312
2020_Townsend_3572-hexa_1058	-5.19	8.936 7.719 1.217 1.376363883 6.34264585045 5.6082552698
2020_Townsend_3573-hexa_1059	-5.45	8.534 7.586 0.948 1.284216516 8.00210970464 5.90710359623
2020_Townsend_3574-hexa_1060	-10	8.686 7.571 1.115 1.369253659 6.79013452915 5.52928958797
2020_Townsend_3575-hexa_1061	-10	8.681 7.51 1.171 1.390201167 6.41332194705 5.40209588243
2020_Townsend_3576-hexa_1062	-6.28	8.585 7.573 1.012 1.338106935 7.48320158103 5.65948789437
