2020_Townsend_2515-hexa_1	-6.52	8.932 8.006 0.926 2.284781612 8.64578833693 3.50405481117
2020_Townsend_2516-hexa_2	-6.02	8.738 7.593 1.145 2.288444166 6.63144104803 3.31797476767
2020_Townsend_2517-hexa_3	-5.03	8.736 7.747 0.989 2.293622909 7.83316481294 3.37762583797
2020_Townsend_2518-hexa_4	-5.77	8.774 7.693 1.081 2.342890714 7.11655874191 3.2835505105
2020_Townsend_2519-hexa_5	-4.8	9.049 7.789 1.26 2.429609692 6.18174603175 3.20586472208
2020_Townsend_2520-hexa_6	-4.85	8.96 7.897 1.063 2.351711148 7.42897460019 3.3579804249
2020_Townsend_2521-hexa_7	-5.14	9.189 7.977 1.212 2.397300769 6.58168316832 3.32749236272
2020_Townsend_2522-hexa_8	-5.12	8.83 7.68 1.15 2.020620015 6.67826086957 3.80081358345
2020_Townsend_2523-hexa_9	-5.32	8.823 7.726 1.097 1.992084048 7.04284412033 3.87835041787
2020_Townsend_2525-hexa_11	-5.77	8.798 7.86 0.938 1.914560529 8.37953091684 4.1053807811
2020_Townsend_2528-hexa_14	-5.07	8.966 7.768 1.198 2.022569297 6.48414023372 3.84065950745
2020_Townsend_2529-hexa_15	-5.38	8.754 7.72 1.034 1.967686635 7.46615087041 3.92338894958
2020_Townsend_2530-hexa_16	-5.17	9.21 8.235 0.975 1.986268957 8.44615384615 4.1459642064
2020_Townsend_2531-hexa_17	-5.36	8.974 7.859 1.115 1.995353663 7.04843049327 3.93865014796
2020_Townsend_2532-hexa_18	-5.27	8.579 7.533 1.046 1.956954117 7.2017208413 3.84934932023
2020_Townsend_2533-hexa_19	-5.26	9.028 8.051 0.977 1.97992358 8.24053224156 4.06631855963
2020_Townsend_2534-hexa_20	-5.12	9.23 8.03 1.2 2.063088783 6.69166666667 3.89222221853
2020_Townsend_2535-hexa_21	-5.39	9.225 8.053 1.172 2.037704961 6.87116040956 3.95199508964
2020_Townsend_2536-hexa_22	-5.18	8.565 7.511 1.054 1.837747604 7.12618595825 4.08706831322
2020_Townsend_2537-hexa_23	-5.39	9.076 8.025 1.051 1.977273595 7.63558515699 4.05861890853
2020_Townsend_2538-hexa_24	-5.09	9.024 8.041 0.983 1.642089371 8.18006103764 4.89681021143
2020_Townsend_2541-hexa_27	-5	8.856 7.734 1.122 1.626972809 6.89304812834 4.75361355593
2020_Townsend_2542-hexa_28	-5.35	9.156 8.164 0.992 1.6502954 8.22983870968 4.9469931262
2020_Townsend_2543-hexa_29	-5.11	9.008 7.974 1.034 1.683307144 7.71179883946 4.73710340292
2020_Townsend_2544-hexa_30	-5.32	8.902 7.922 0.98 1.608405168 8.08367346939 4.92537586773
2020_Townsend_2545-hexa_31	-5.98	8.836 7.914 0.922 1.95851135 8.58351409978 4.04082416985
2020_Townsend_2546-hexa_32	-5.82	9.059 8.027 1.032 2.069088797 7.77810077519 3.87948550668
2020_Townsend_2547-hexa_33	-5.3	8.953 7.946 1.007 1.981994128 7.89076464747 4.00909361322
2020_Townsend_2548-hexa_34	-5.34	9.144 8.17 0.974 1.619161093 8.38809034908 5.04582282475
2020_Townsend_2549-hexa_35	-5.31	8.755 7.772 0.983 1.580176305 7.90640895219 4.91843851563
2020_Townsend_2550-hexa_36	-5.5	9.067 8.037 1.03 1.67739119 7.80291262136 4.79136891139
2020_Townsend_2551-hexa_37	-5.21	8.887 7.913 0.974 1.639125215 8.12422997947 4.82757505503
2020_Townsend_2552-hexa_38	-5.42	9.115 8.072 1.043 2.091890843 7.73921380633 3.85870994512
2020_Townsend_2553-hexa_39	-5.32	8.9 7.786 1.114 2.027868884 6.98922800718 3.83949872767
2020_Townsend_2554-hexa_40	-5.74	9.207 7.98 1.227 2.125546568 6.50366748166 3.75432847256
2020_Townsend_2555-hexa_41	-5.09	8.919 7.958 0.961 1.627811253 8.28095733611 4.8887731826
2020_Townsend_2556-hexa_42	-5.31	8.845 7.884 0.961 1.598142977 8.20395421436 4.93322569599
2020_Townsend_2557-hexa_43	-5.97	8.853 7.639 1.214 2.042237716 6.29242174629 3.74050481007
2020_Townsend_2558-hexa_44	-5.51	8.812 7.766 1.046 1.975853651 7.42447418738 3.93045304548
2020_Townsend_2559-hexa_45	-5.32	9.018 7.826 1.192 1.372834427 6.56543624161 5.70061461607
2020_Townsend_2560-hexa_46	-5.24	9.1 8.041 1.059 1.345383627 7.59301227573 5.97673395055
2020_Townsend_2561-hexa_47	-5.38	9.252 8.389 0.863 1.31174345 9.72074159907 6.39530542348
2020_Townsend_2562-hexa_48	-5.3	9.301 8.158 1.143 2.03325817 7.13735783027 4.01227946375
2020_Townsend_2563-hexa_49	-5.63	9.478 8.243 1.235 1.796772627 6.67449392713 4.58767006806
2020_Townsend_2564-hexa_50	-5.48	9.122 8.203 0.919 1.656831686 8.92600652884 4.95101588732
2020_Townsend_2565-hexa_51	-5.21	9.397 8.39 1.007 1.344198469 8.33167825223 6.24163781874
2020_Townsend_2566-hexa_52	-5.53	8.695 7.966 0.729 1.213375709 10.927297668 6.56515532733
2020_Townsend_2567-hexa_53	-4.97	9.045 8.0 1.045 1.996307225 7.65550239234 4.00739921181
2020_Townsend_2568-hexa_54	-6.19	9.165 7.997 1.168 1.797283967 6.84674657534 4.44949164786
2020_Townsend_2569-hexa_55	-5.01	8.883 7.714 1.169 2.003309622 6.59880239521 3.85062793853
2020_Townsend_2570-hexa_56	-5.38	8.895 7.796 1.099 1.670675039 7.09372156506 4.66637725351
2020_Townsend_2571-hexa_57	-5.13	9.05 8.054 0.996 1.6712836 8.08634538153 4.81905045918
2020_Townsend_2572-hexa_58	-5.56	9.167 8.181 0.986 1.681160303 8.29716024341 4.86628192767
2020_Townsend_2573-hexa_59	-5.26	9.003 7.849 1.154 2.022789938 6.80155979203 3.88028428091
2020_Townsend_2574-hexa_60	-5.48	8.941 7.986 0.955 1.644697138 8.36230366492 4.85560521478
2020_Townsend_2575-hexa_61	-5.23	9.007 8.036 0.971 1.675525227 8.27600411946 4.79610803258
2020_Townsend_2576-hexa_62	-5.26	9.309 8.434 0.875 1.341544853 9.63885714286 6.28678197463
2020_Townsend_2577-hexa_63	-5.55	9.201 8.061 1.14 1.731034603 7.07105263158 4.65675266458
2020_Townsend_2578-hexa_64	-5.63	9.17 8.098 1.072 1.687211908 7.55410447761 4.79963421406
2020_Townsend_2579-hexa_65	-5.54	8.597 7.389 1.208 1.705263556 6.1167218543 4.33305454397
2020_Townsend_2580-hexa_66	-5.82	9.413 8.517 0.896 1.349001754 9.50558035714 6.31355739512
2020_Townsend_2581-hexa_67	-5.41	9.219 8.223 0.996 1.340540517 8.25602409639 6.13409284965
2020_Townsend_2582-hexa_68	-5.79	9.123 8.153 0.97 1.68884246 8.40515463918 4.82756692415
2020_Townsend_2583-hexa_69	-5.37	9.578 8.431 1.147 1.760934761 7.35047951177 4.78779804154
2020_Townsend_2584-hexa_70	-5.37	8.774 7.795 0.979 1.293443945 7.96220633299 6.02654643839
2020_Townsend_2585-hexa_71	-10	9.348 8.262 1.086 1.436356866 7.60773480663 5.75205242901
2020_Townsend_2586-hexa_72	-4.99	9.39 8.377 1.013 1.403540255 8.26949654492 5.96847861695
2020_Townsend_2587-hexa_73	-5.96	9.592 8.513 1.079 1.814228164 7.88971269694 4.69235356882
2020_Townsend_2588-hexa_74	-5.76	9.691 8.358 1.333 1.934951315 6.27006751688 4.31948852419
2020_Townsend_2589-hexa_75	-5.46	9.257 8.223 1.034 1.429593015 7.95261121857 5.75198669392
2020_Townsend_2590-hexa_76	-6.41	9.142 8.029 1.113 1.779353527 7.21383647799 4.51231297107
2020_Townsend_2591-hexa_77	-5.83	9.148 8.109 1.039 1.418504981 7.80461982676 5.71658197089
2020_Townsend_2592-hexa_78	-5.86	9.254 8.314 0.94 1.411998968 8.84468085106 5.88810628649
2020_Townsend_2593-hexa_79	-5.73	9.216 8.268 0.948 1.405298155 8.72151898734 5.8834489824
2020_Townsend_2594-hexa_80	-5.81	8.681 7.622 1.059 2.314249257 7.19735599622 3.29350867325
2020_Townsend_2595-hexa_81	-5.56	8.821 7.616 1.205 2.384263515 6.32033195021 3.19427779358
2020_Townsend_2596-hexa_82	-5.92	8.691 7.534 1.157 2.323465357 6.51166810717 3.24257040343
2020_Townsend_2597-hexa_83	-6.32	8.919 7.754 1.165 2.371357508 6.65579399142 3.26985702233
2020_Townsend_2598-hexa_84	-5.78	8.862 7.531 1.331 2.408061026 5.65815176559 3.12741243627
2020_Townsend_2599-hexa_85	-4.84	8.8 7.594 1.206 2.344747291 6.29684908789 3.2387285526
2020_Townsend_2600-hexa_86	-6.47	8.949 7.625 1.324 2.444529172 5.75906344411 3.11921006603
2020_Townsend_2601-hexa_87	-5.26	8.896 7.709 1.187 2.037025716 6.49452401011 3.78443921422
2020_Townsend_2602-hexa_88	-5.36	8.731 7.602 1.129 1.998907722 6.73339238264 3.80307700867
2020_Townsend_2603-hexa_89	-5.19	9.169 7.822 1.347 2.049230666 5.80697847068 3.81704223433
2020_Townsend_2604-hexa_90	-5.49	8.985 7.932 1.053 2.038773255 7.53276353276 3.89057487415
2020_Townsend_2605-hexa_91	-5.13	8.684 7.699 0.985 1.941390469 7.81624365482 3.96571432843
2020_Townsend_2606-hexa_92	-5.33	8.934 7.809 1.125 2.022412865 6.94133333333 3.86122939344
2020_Townsend_2607-hexa_93	-5.65	8.889 7.771 1.118 2.013121906 6.95080500894 3.86017358255
2020_Townsend_2608-hexa_94	-4.97	8.782 7.822 0.96 1.94267584 8.14791666667 4.02640514642
2020_Townsend_2609-hexa_95	-5.37	8.615 7.574 1.041 1.929901082 7.27569644573 3.92455347616
2020_Townsend_2610-hexa_96	-6.17	8.58 7.641 0.939 1.920278197 8.13738019169 3.97911094962
2020_Townsend_2611-hexa_97	-5.7	9.049 7.927 1.122 2.040863325 7.06506238859 3.88414055116
2020_Townsend_2612-hexa_98	-5.54	8.632 7.563 1.069 1.946749742 7.0748362956 3.88493694738
2020_Townsend_2613-hexa_99	-5.16	9.14 8.037 1.103 2.03933786 7.28649138713 3.9409850411
2020_Townsend_2624-hexa_110	-5.21	9.225 8.192 1.033 1.680632463 7.93030009681 4.87435544674
2020_Townsend_2626-hexa_112	-5.11	9.098 8.156 0.942 1.583903518 8.65817409766 5.14930354489
2020_Townsend_2627-hexa_113	-5.19	8.793 7.741 1.052 1.664840698 7.35836501901 4.64969411746
2020_Townsend_2628-hexa_114	-5.24	9.371 8.343 1.028 1.659227057 8.11575875486 5.02824490765
2020_Townsend_2629-hexa_115	-5.94	8.883 7.768 1.115 2.030106327 6.9668161435 3.82640056665
2020_Townsend_2630-hexa_116	-5.7	8.927 7.733 1.194 2.051635095 6.47654941374 3.76918878939
2020_Townsend_2631-hexa_117	-5.47	9.015 7.904 1.111 2.036252751 7.11431143114 3.88163993695
2020_Townsend_2632-hexa_118	-5.02	8.925 7.968 0.957 1.64241669 8.32601880878 4.85138762198
2020_Townsend_2633-hexa_119	-5.22	9.034 7.96 1.074 1.649613693 7.41154562384 4.82537216669
2020_Townsend_2634-hexa_120	-5.1	9.308 8.254 1.054 1.68170544 7.83111954459 4.90811280244
2020_Townsend_2635-hexa_121	-5.26	8.812 7.718 1.094 1.696116438 7.05484460695 4.55039514215
2020_Townsend_2636-hexa_122	-5.55	8.824 7.753 1.071 1.977521326 7.23902894491 3.92056454616
2020_Townsend_2637-hexa_123	-5.83	9.095 7.883 1.212 2.083660894 6.50412541254 3.78324516369
2020_Townsend_2638-hexa_124	-5.57	8.769 7.614 1.155 2.027160037 6.59220779221 3.75599353826
2020_Townsend_2640-hexa_126	-5.18	8.848 7.786 1.062 1.614858787 7.33145009416 4.82147421352
2020_Townsend_2641-hexa_127	-5.83	8.734 7.605 1.129 1.981421168 6.73604960142 3.83815421114
2020_Townsend_2642-hexa_128	-5.78	9.099 8.062 1.037 2.043707071 7.7743490839 3.94479234055
2020_Townsend_2643-hexa_129	-5.91	8.619 7.449 1.17 2.008392948 6.36666666667 3.7089355484
2020_Townsend_2644-hexa_130	-5.16	9.462 8.497 0.965 1.334001769 8.80518134715 6.36955677081
2020_Townsend_2646-hexa_132	-5.29	9.279 8.289 0.99 1.326855491 8.37272727273 6.24710080052
2020_Townsend_2647-hexa_133	-5.73	9.015 7.833 1.182 2.041418664 6.6269035533 3.83703751618
2020_Townsend_2648-hexa_134	-5.81	8.926 7.946 0.98 1.667622876 8.10816326531 4.76486627424
2020_Townsend_2649-hexa_135	-5.31	8.59 7.483 1.107 1.630012529 6.75971093044 4.5907622591
2020_Townsend_2650-hexa_136	-5.19	9.069 8.238 0.831 1.265503468 9.91335740072 6.50966212919
2020_Townsend_2651-hexa_137	-5.93	9.167 7.984 1.183 1.748579725 6.74894336433 4.56599140768
2020_Townsend_2652-hexa_138	-5.73	9.156 7.967 1.189 2.086588615 6.70058873003 3.81819393757
2020_Townsend_2653-hexa_139	-5.69	9.166 8.065 1.101 2.044780639 7.32515894641 3.9441883624
2020_Townsend_2654-hexa_140	-5.57	9.346 8.237 1.109 1.754525428 7.42741208296 4.69471679837
2020_Townsend_2656-hexa_142	-5.47	9.016 8.073 0.943 1.640050313 8.56097560976 4.92240996268
2020_Townsend_2657-hexa_143	-5.6	9.296 8.265 1.031 1.733594614 8.01648884578 4.7675505757
2020_Townsend_2658-hexa_144	-5.28	8.986 7.932 1.054 1.726374565 7.52561669829 4.59459966615
2020_Townsend_2659-hexa_145	-5.38	9.336 8.35 0.986 1.693551724 8.46855983773 4.93046647567
2020_Townsend_2661-hexa_147	-5.93	8.654 7.443 1.211 2.011516143 6.14616019818 3.70019401828
2020_Townsend_2662-hexa_148	-5.69	8.688 7.669 1.019 1.639118231 7.52600588813 4.67873509974
2020_Townsend_2663-hexa_149	-5.37	9.04 8.16 0.88 1.627646945 9.27272727273 5.0133722335
2020_Townsend_2664-hexa_150	-5.39	8.98 8.033 0.947 1.681816464 8.48257655755 4.776383257
2020_Townsend_2665-hexa_151	-5.39	8.834 7.725 1.109 1.665148161 6.9657348963 4.63922681532
2020_Townsend_2666-hexa_152	-5.88	8.66 7.661 0.999 1.634106001 7.66866866867 4.68819035932
2020_Townsend_2667-hexa_153	-5.49	9.15 8.303 0.847 1.287132196 9.80283353011 6.4507748511
2020_Townsend_2668-hexa_154	-5.68	9.283 8.345 0.938 1.703199461 8.89658848614 4.89960230207
2020_Townsend_2669-hexa_155	-5.33	8.953 7.906 1.047 1.342500275 7.55109837631 5.88901182907
2020_Townsend_2670-hexa_156	-5.72	9.393 8.36 1.033 1.716973204 8.09293320426 4.86903347153
2020_Townsend_2671-hexa_157	-5.43	9.062 8.181 0.881 1.284809404 9.28603859251 6.36748141361
2020_Townsend_2672-hexa_158	-5.52	9.375 8.32 1.055 1.441681414 7.88625592417 5.77103923183
2020_Townsend_2673-hexa_159	-6.02	9.175 8.104 1.071 1.739423449 7.56676003735 4.65901503435
2020_Townsend_2674-hexa_160	-5.71	9.145 8.035 1.11 1.682247892 7.23873873874 4.77634719485
2020_Townsend_2675-hexa_161	-5.61	9.112 8.039 1.073 1.754512875 7.49207828518 4.58189855119
2020_Townsend_2676-hexa_162	-5.23	9.605 8.657 0.948 1.404023517 9.13185654008 6.16585113795
2020_Townsend_2677-hexa_163	-5.29	9.13 8.126 1.004 1.342005419 8.09362549801 6.05511712915
2020_Townsend_2678-hexa_164	-5.78	9.075 7.913 1.162 1.791151965 6.80981067126 4.41782727241
2020_Townsend_2679-hexa_165	-10	9.701 8.782 0.919 1.394517758 9.55603917301 6.29751751071
2020_Townsend_2680-hexa_166	-5.41	9.649 8.611 1.038 1.412768824 8.295761079 6.09512317494
2020_Townsend_2681-hexa_167	-6.2	9.39 8.299 1.091 1.830429684 7.6067827681 4.53390811597
2020_Townsend_2682-hexa_168	-6.08	9.488 8.245 1.243 1.880718776 6.63314561545 4.38396218787
2020_Townsend_2683-hexa_169	-5.32	9.252 8.234 1.018 1.388412126 8.0884086444 5.93051576388
2020_Townsend_2684-hexa_170	-6.02	9.276 8.185 1.091 1.777135548 7.50229147571 4.60572633821
2020_Townsend_2685-hexa_171	-5.46	8.81 7.732 1.078 1.379452479 7.17254174397 5.60512240741
2020_Townsend_2686-hexa_172	-5.47	9.414 8.417 0.997 1.42438296 8.44232698094 5.90922542348
2020_Townsend_2687-hexa_173	-5.56	9.573 8.468 1.105 1.45707862 7.66334841629 5.81162875068
2020_Townsend_2688-hexa_174	-5.54	9.308 8.127 1.181 1.48067554 6.88145639289 5.48871091637
2020_Townsend_2689-hexa_175	-6.17	9.027 7.978 1.049 1.438196215 7.60533841754 5.5472263915
2020_Townsend_2690-hexa_176	-5.81	9.548 8.387 1.161 1.561677329 7.22394487511 5.37050762296
2020_Townsend_2691-hexa_177	-4.93	8.475 7.275 1.2 2.311176883 6.0625 3.14774695676
2020_Townsend_2692-hexa_178	-5.9	8.251 7.146 1.105 2.264570353 6.46696832579 3.15556546545
2020_Townsend_2693-hexa_179	-6.04	8.408 7.211 1.197 2.307467523 6.02422723475 3.12507106953
2020_Townsend_2694-hexa_180	-5.18	8.119 7.16 0.959 2.148495546 7.4661105318 3.33256450698
2020_Townsend_2695-hexa_181	-6	8.234 7.149 1.085 2.200465074 6.58894009217 3.24885865469
2020_Townsend_2696-hexa_182	-6.62	8.434 7.29 1.144 2.281719864 6.37237762238 3.19495837987
2020_Townsend_2697-hexa_183	-6.02	8.357 7.332 1.025 1.877933478 7.15317073171 3.90429165138
2020_Townsend_2698-hexa_184	-5.76	8.549 7.547 1.002 1.917820062 7.53193612774 3.935197128
2020_Townsend_2699-hexa_185	-5.07	8.416 7.324 1.092 1.909015721 6.70695970696 3.83653205127
2020_Townsend_2700-hexa_186	-5.3	8.278 7.282 0.996 1.870806608 7.31124497992 3.89243867798
2020_Townsend_2701-hexa_187	-5.21	8.232 7.204 1.028 1.818785453 7.00778210117 3.96088498955
2020_Townsend_2702-hexa_188	-5.47	8.494 7.358 1.136 1.943550332 6.47711267606 3.78585513267
2020_Townsend_2703-hexa_189	-5.19	8.553 7.512 1.041 1.901497779 7.21613832853 3.95056995752
2020_Townsend_2704-hexa_190	-5.3	8.498 7.506 0.992 1.865185492 7.56653225806 4.02426462794
2020_Townsend_2705-hexa_191	-5.02	8.342 7.285 1.057 1.871676663 6.89214758751 3.89223210612
2020_Townsend_2706-hexa_192	-5.68	8.509 7.358 1.151 1.961252564 6.39270199826 3.75168406918
2020_Townsend_2707-hexa_193	-5.22	8.687 7.694 0.993 1.920628643 7.74823766365 4.00598003578
2020_Townsend_2708-hexa_194	-5.29	8.436 7.292 1.144 1.897511508 6.37412587413 3.84292794497
2020_Townsend_2709-hexa_195	-5.15	8.385 7.421 0.964 1.862759668 7.69813278008 3.98387410222
2020_Townsend_2710-hexa_196	-5	8.374 7.375 0.999 1.854633066 7.38238238238 3.97652782925
2020_Townsend_2711-hexa_197	-4.8	8.351 7.342 1.009 1.843025616 7.27651139742 3.98366682278
2020_Townsend_2712-hexa_198	-5.21	8.472 7.42 1.052 1.910261717 7.05323193916 3.88428451137
2020_Townsend_2713-hexa_199	-5.16	8.718 7.633 1.085 1.934268825 7.03502304147 3.94619398366
2020_Townsend_2714-hexa_200	-5.1	8.471 7.672 0.799 1.465562239 9.60200250313 5.23485103248
2020_Townsend_2715-hexa_201	-5.16	8.569 7.359 1.21 1.602386139 6.08181818182 4.59252599663
2020_Townsend_2716-hexa_202	-5.05	8.376 7.512 0.864 1.502304391 8.69444444444 5.00031820782
2020_Townsend_2717-hexa_203	-5.04	8.659 7.604 1.055 1.602219292 7.20758293839 4.74591714004
2020_Townsend_2718-hexa_204	-4.89	8.611 7.631 0.98 1.530653928 7.78673469388 4.98545089808
2020_Townsend_2719-hexa_205	-4.96	8.745 7.788 0.957 1.544619974 8.13793103448 5.04201689159
2020_Townsend_2720-hexa_206	-5.93	8.338 7.279 1.059 1.937429146 6.87346553352 3.75704062005
2020_Townsend_2721-hexa_207	-5.85	8.265 7.3 0.965 1.871842446 7.56476683938 3.89990087873
2020_Townsend_2722-hexa_208	-5.43	8.441 7.373 1.068 1.919775783 6.90355805243 3.84055266521
2020_Townsend_2723-hexa_209	-5.32	8.605 7.438 1.167 1.555481285 6.3736075407 4.78179973731
2020_Townsend_2724-hexa_210	-5.01	8.437 7.38 1.057 1.543542236 6.98202459792 4.78121027587
2020_Townsend_2725-hexa_211	-4.86	8.454 7.45 1.004 1.544808011 7.4203187251 4.82260575227
2020_Townsend_2726-hexa_212	-4.83	8.741 7.811 0.93 1.543813147 8.39892473118 5.05955012443
2020_Townsend_2727-hexa_213	-4.98	8.582 7.771 0.811 1.462625797 9.58199753391 5.31304727152
2020_Townsend_2728-hexa_214	-5.05	8.76 7.933 0.827 1.49469178 9.59250302297 5.30744873702
2020_Townsend_2729-hexa_215	-6.11	8.668 7.517 1.151 1.960047734 6.53084274544 3.83511068103
2020_Townsend_2730-hexa_216	-5.77	8.476 7.306 1.17 1.946652076 6.24444444444 3.75311032211
2020_Townsend_2731-hexa_217	-5.01	8.332 7.307 1.025 1.905011478 7.1287804878 3.83567242738
2020_Townsend_2732-hexa_218	-5.01	8.494 7.599 0.895 1.503349881 8.4905027933 5.05471154522
2020_Townsend_2733-hexa_219	-4.96	8.642 7.769 0.873 1.493321823 8.89919816724 5.202495457
2020_Townsend_2734-hexa_220	-5.89	8.355 7.333 1.022 1.909165871 7.17514677104 3.84094442049
2020_Townsend_2735-hexa_221	-5.64	8.335 7.18 1.155 1.942025383 6.21645021645 3.69717103744
2020_Townsend_2736-hexa_222	-5.39	8.35 7.33 1.02 1.905154328 7.1862745098 3.84745733837
2020_Townsend_2737-hexa_223	-5.28	8.625 7.704 0.921 1.204116895 8.36482084691 6.39804991691
2020_Townsend_2738-hexa_224	-5.13	8.646 7.69 0.956 1.205483299 8.04393305439 6.3791841881
2020_Townsend_2739-hexa_225	-5.09	8.554 7.713 0.841 1.154283924 9.17122473246 6.68206481926
2020_Townsend_2740-hexa_226	-5.35	8.701 7.706 0.995 1.595858565 7.74472361809 4.82874871809
2020_Townsend_2741-hexa_227	-5.33	8.647 7.822 0.825 1.528653841 9.48121212121 5.11692038459
2020_Townsend_2742-hexa_228	-4.87	8.728 7.676 1.052 1.245911292 7.29657794677 6.16095226786
2020_Townsend_2743-hexa_229	-5.08	8.684 7.683 1.001 1.224469829 7.67532467532 6.27455231484
2020_Townsend_2744-hexa_230	-6.11	8.556 7.428 1.128 1.969829328 6.58510638298 3.77088506827
2020_Townsend_2745-hexa_231	-6.09	8.404 7.298 1.106 1.93284845 6.59855334539 3.77577455698
2020_Townsend_2746-hexa_232	-5.37	8.695 7.713 0.982 1.585010383 7.85437881874 4.86621417924
2020_Townsend_2747-hexa_233	-5.13	8.413 7.442 0.971 1.556593591 7.66426364573 4.78095248691
2020_Townsend_2748-hexa_234	-5.13	8.357 7.31 1.047 1.51800767 6.98185291309 4.81552244067
2020_Townsend_2749-hexa_235	-5.04	8.619 7.751 0.868 1.54560455 8.9297235023 5.01486618941
2020_Townsend_2750-hexa_236	-5.13	8.286 7.34 0.946 1.53221096 7.75898520085 4.79046305738
2020_Townsend_2751-hexa_237	-5.25	8.455 7.448 1.007 1.572403708 7.39622641509 4.73669704676
2020_Townsend_2752-hexa_238	-5.54	8.847 7.729 1.118 1.31174554 6.91323792487 5.89214886906
2020_Townsend_2753-hexa_239	-5.7	8.625 7.866 0.759 1.186461891 10.3636363636 6.6297957479
2020_Townsend_2754-hexa_240	-5.33	8.728 7.708 1.02 1.595278282 7.5568627451 4.83175887679
2020_Townsend_2755-hexa_241	-5.34	8.691 7.877 0.814 1.184754262 9.6769041769 6.64863613717
2020_Townsend_2756-hexa_242	-5.59	8.39 7.609 0.781 1.138493612 9.74263764405 6.68339279184
2020_Townsend_2757-hexa_243	-5.1	8.656 7.725 0.931 1.2570795 8.29752953813 6.14519606755
2020_Townsend_2758-hexa_244	-5.35	8.859 7.607 1.252 1.681386492 6.07587859425 4.52424236557
2020_Townsend_2759-hexa_245	-5.15	8.909 7.872 1.037 1.31337887 7.59112825458 5.99370081232
2020_Townsend_2760-hexa_246	-5.19	8.74 7.676 1.064 1.30106216 7.21428571429 5.89979497982
2020_Townsend_2761-hexa_247	-5.15	8.62 7.755 0.865 1.205455991 8.96531791908 6.43325020399
2020_Townsend_2762-hexa_248	-5.18	8.503 7.555 0.948 1.576836067 7.9694092827 4.79123997612
2020_Townsend_2763-hexa_249	-5.38	9.079 8.219 0.86 1.249001452 9.55697674419 6.58045672152
2020_Townsend_2764-hexa_250	-5.76	8.578 7.742 0.836 1.201989611 9.26076555024 6.44098745043
2020_Townsend_2765-hexa_251	-5.19	8.826 7.798 1.028 1.675220434 7.58560311284 4.65490979082
2020_Townsend_2766-hexa_252	-5.28	8.777 7.774 1.003 1.279454376 7.75074775673 6.07602752066
2020_Townsend_2767-hexa_253	-5.7	8.638 7.731 0.907 1.268489709 8.5237045204 6.09464936542
2020_Townsend_2768-hexa_254	-5.92	8.848 7.872 0.976 1.344553354 8.06557377049 5.85473233664
2020_Townsend_2769-hexa_255	-10	8.21 7.156 1.054 2.208055467 6.78937381404 3.24086061557
2020_Townsend_2770-hexa_256	-5.08	8.17 7.106 1.064 2.210410238 6.67857142857 3.21478786057
2020_Townsend_2771-hexa_257	-5.73	8.214 7.102 1.112 2.243902719 6.38669064748 3.16502134423
2020_Townsend_2772-hexa_258	-5.26	8.373 7.147 1.226 2.311942206 5.8295269168 3.09134025126
2020_Townsend_2773-hexa_259	-6.08	8.17 7.136 1.034 2.211259653 6.90135396518 3.22711988631
2020_Townsend_2774-hexa_260	-4.94	8.422 7.124 1.298 2.340686092 5.48844375963 3.04355206977
2020_Townsend_2775-hexa_261	-5.95	8.358 7.354 1.004 1.833188491 7.32470119522 4.01158966255
2020_Townsend_2776-hexa_262	-4.89	8.509 7.438 1.071 1.939733902 6.94491129785 3.83454657999
2020_Townsend_2777-hexa_263	-4.96	8.151 7.208 0.943 1.796871336 7.64369034995 4.01141687531
2020_Townsend_2778-hexa_264	-4.93	8.405 7.33 1.075 1.90904866 6.81860465116 3.83960878189
2020_Townsend_2779-hexa_265	-4.92	8.647 7.655 0.992 1.884694763 7.71673387097 4.06166566082
2020_Townsend_2780-hexa_266	-5.85	8.466 7.521 0.945 1.86464532 7.95873015873 4.03347484872
2020_Townsend_2781-hexa_267	-5	8.469 7.331 1.138 1.935340409 6.44200351494 3.78796410487
2020_Townsend_2782-hexa_268	-5.2	8.469 7.296 1.173 1.980347316 6.2199488491 3.68420223112
2020_Townsend_2783-hexa_269	-4.99	8.315 7.288 1.027 1.890441174 7.09639727361 3.85518475805
2020_Townsend_2784-hexa_270	-4.93	8.578 7.463 1.115 1.925778395 6.6932735426 3.87531609004
2020_Townsend_2785-hexa_271	-5.03	8.452 7.363 1.089 1.919167254 6.76124885216 3.83655983326
2020_Townsend_2786-hexa_272	-5.4	8.49 7.455 1.035 1.873330061 7.20289855072 3.979544318
2020_Townsend_2787-hexa_273	-4.83	8.62 7.595 1.025 1.558732301 7.40975609756 4.87254931147
2020_Townsend_2788-hexa_274	-4.82	8.596 7.643 0.953 1.513156448 8.01993704092 5.05103091627
2020_Townsend_2789-hexa_275	-4.8	8.4 7.569 0.831 1.4788113 9.1083032491 5.11830008332
2020_Townsend_2790-hexa_276	-5.37	8.749 7.76 0.989 1.599714507 7.84630940344 4.8508655551
2020_Townsend_2791-hexa_277	-4.92	8.301 7.324 0.977 1.506482453 7.49641760491 4.86165636076
2020_Townsend_2792-hexa_278	-4.82	8.803 7.753 1.05 1.59958468 7.38380952381 4.84688312969
2020_Townsend_2793-hexa_279	-4.71	8.336 7.474 0.862 1.502689889 8.67053364269 4.97374744763
2020_Townsend_2794-hexa_280	-4.82	8.46 7.604 0.856 1.462631886 8.88317757009 5.19884741525
2020_Townsend_2795-hexa_281	-5.88	8.569 7.506 1.063 1.993898084 7.0611476952 3.7644852865
2020_Townsend_2796-hexa_282	-5.45	8.406 7.308 1.098 1.93767712 6.65573770492 3.77152618698
2020_Townsend_2797-hexa_283	-4.76	8.771 7.73 1.041 1.627126856 7.42555235351 4.75070519025
2020_Townsend_2798-hexa_284	-4.71	8.456 7.59 0.866 1.517138626 8.76443418014 5.00283881112
2020_Townsend_2799-hexa_285	-4.74	8.302 7.483 0.819 1.451892684 9.13675213675 5.15396219188
2020_Townsend_2800-hexa_286	-4.8	8.608 7.65 0.958 1.518210258 7.98538622129 5.03882776426
2020_Townsend_2801-hexa_287	-5.55	8.367 7.352 1.015 1.896612598 7.24334975369 3.8763846701
2020_Townsend_2802-hexa_288	-5.65	8.333 7.217 1.116 1.948044483 6.46684587814 3.70474086346
2020_Townsend_2803-hexa_289	-5.5	8.396 7.317 1.079 1.952403716 6.781278962 3.74768801147
2020_Townsend_2804-hexa_290	-5.59	8.504 7.404 1.1 1.990401327 6.73090909091 3.71985282544
2020_Townsend_2805-hexa_291	-4.82	8.547 7.578 0.969 1.512549571 7.82043343653 5.01008373232
2020_Townsend_2806-hexa_292	-5.42	8.475 7.4 1.075 1.95995742 6.88372093023 3.7755922269
2020_Townsend_2807-hexa_293	-4.84	8.758 7.865 0.893 1.205211656 8.80739081747 6.52582470543
2020_Townsend_2808-hexa_294	-4.82	8.726 7.903 0.823 1.172785266 9.60267314702 6.7386590104
2020_Townsend_2809-hexa_295	-4.77	8.771 7.758 1.013 1.229305749 7.65844027641 6.31087913345
2020_Townsend_2810-hexa_296	-6.23	8.417 7.455 0.962 1.573043577 7.74948024948 4.73922026637
2020_Townsend_2811-hexa_297	-5.89	8.378 7.537 0.841 1.489371724 8.96195005945 5.06052309074
2020_Townsend_2812-hexa_298	-5.24	8.75 7.756 0.994 1.606011674 7.80281690141 4.82935468376
2020_Townsend_2813-hexa_299	-4.72	8.482 7.767 0.715 1.10376929 10.8629370629 7.03679661173
2020_Townsend_2814-hexa_300	-4.83	8.762 7.719 1.043 1.24877096 7.40076701822 6.18127762997
2020_Townsend_2815-hexa_301	-5.55	8.61 7.486 1.124 1.977623688 6.66014234875 3.78535109861
2020_Townsend_2816-hexa_302	-5.69	8.563 7.717 0.846 1.519830519 9.12174940898 5.07753983324
2020_Townsend_2817-hexa_303	-4.88	8.699 7.662 1.037 1.615398154 7.38862102218 4.74310310497
2020_Townsend_2818-hexa_304	-4.83	8.484 7.34 1.144 1.633232988 6.41608391608 4.49415365348
2020_Townsend_2819-hexa_305	-4.98	8.825 7.737 1.088 1.682753451 7.11121323529 4.59782150225
2020_Townsend_2820-hexa_306	-5.08	8.811 7.771 1.04 1.662092517 7.47211538462 4.67543167454
2020_Townsend_2821-hexa_307	-5.99	8.615 7.38 1.235 2.013049412 5.97570850202 3.66607990644
2020_Townsend_2822-hexa_308	-4.99	8.563 7.579 0.984 1.622921208 7.70223577236 4.66997409526
2020_Townsend_2823-hexa_309	-4.87	8.717 7.781 0.936 1.577156425 8.31303418803 4.93356262997
2020_Townsend_2824-hexa_310	-4.95	8.696 7.636 1.06 1.664437064 7.20377358491 4.58773729879
2020_Townsend_2825-hexa_311	-5.67	8.788 7.754 1.034 1.651880287 7.49903288201 4.69404475677
2020_Townsend_2826-hexa_312	-5.02	8.79 7.975 0.815 1.196338859 9.78527607362 6.66617149481
2020_Townsend_2827-hexa_313	-5.56	8.667 7.751 0.916 1.578211632 8.46179039301 4.91125514655
2020_Townsend_2828-hexa_314	-5.14	8.325 7.553 0.772 1.137731255 9.78367875648 6.63865035509
2020_Townsend_2829-hexa_315	-4.97	8.577 7.509 1.068 1.245274348 7.0308988764 6.02999653214
2020_Townsend_2830-hexa_316	-5.09	8.855 7.899 0.956 1.271408459 8.26255230126 6.21279490795
2020_Townsend_2831-hexa_317	-5.83	8.65 7.632 1.018 1.657304493 7.49705304519 4.6050680682
2020_Townsend_2832-hexa_318	-4.93	8.359 7.414 0.945 1.187252042 7.8455026455 6.24467235071
2020_Townsend_2833-hexa_319	-4.88	8.551 7.677 0.874 1.214864522 8.78375286041 6.3192231405
2020_Townsend_2834-hexa_320	-5.28	8.65 7.581 1.069 1.673985829 7.09167446211 4.52871217227
2020_Townsend_2835-hexa_321	-6.07	8.786 7.608 1.178 1.69575233 6.4584040747 4.48650422907
2020_Townsend_2836-hexa_322	-5.59	8.632 7.691 0.941 1.268824877 8.17321997875 6.06151419271
2020_Townsend_2837-hexa_323	-5.85	8.767 7.695 1.072 1.690650347 7.17817164179 4.55150292528
2020_Townsend_2838-hexa_324	-5.58	8.737 7.721 1.016 1.315409809 7.59940944882 5.86965366015
2020_Townsend_2839-hexa_325	-5.87	8.705 7.712 0.993 1.332789463 7.76636455186 5.78636027227
2020_Townsend_2840-hexa_326	-6.39	7.419 6.286 1.133 2.230821666 5.54810238305 2.81779583541
2020_Townsend_2841-hexa_327	-6.23	7.909 6.733 1.176 2.300169609 5.72534013605 2.92717544552
2020_Townsend_2842-hexa_328	-6.45	7.942 6.796 1.146 2.3111579 5.93019197208 2.94051739174
2020_Townsend_2843-hexa_329	-6.62	8.001 6.703 1.298 2.346776761 5.16409861325 2.85625804354
2020_Townsend_2844-hexa_330	-6.49	7.893 6.508 1.385 2.3339978 4.69891696751 2.78834881507
2020_Townsend_2845-hexa_331	-6.11	7.727 6.529 1.198 1.961011069 5.44991652755 3.32940497033
2020_Townsend_2846-hexa_332	-5.95	8.038 6.886 1.152 1.937812304 5.97743055556 3.55349173178
2020_Townsend_2847-hexa_333	-6.59	8.265 7.03 1.235 2.049517391 5.69230769231 3.43007579778
2020_Townsend_2848-hexa_334	-6.31	7.77 6.7 1.07 1.912746319 6.26168224299 3.5028168312
2020_Townsend_2849-hexa_335	-6.1	7.613 6.553 1.06 1.894825294 6.1820754717 3.45836633105
2020_Townsend_2850-hexa_336	-6.3	8.2 7.044 1.156 1.9566713 6.09342560554 3.59999147532
2020_Townsend_2851-hexa_337	-6	8.382 7.176 1.206 2.023843215 5.95024875622 3.54572920808
2020_Townsend_2852-hexa_338	-5.94	8.344 7.135 1.209 2.028647234 5.90157154673 3.51712209024
2020_Townsend_2853-hexa_339	-5.62	8.137 7.116 1.021 1.908280687 6.96963761019 3.72901117141
2020_Townsend_2854-hexa_340	-10	8.054 6.853 1.201 1.955108664 5.70607826811 3.50517601716
2020_Townsend_2855-hexa_341	-6.26	8.197 7.063 1.134 2.00550803 6.22839506173 3.52180090747
2020_Townsend_2856-hexa_342	-6.19	8.05 6.917 1.133 1.948946251 6.10503089144 3.54909736297
2020_Townsend_2857-hexa_343	-6.12	8.441 7.182 1.259 2.051438523 5.7045274027 3.50095794706
2020_Townsend_2858-hexa_344	-5.79	8.331 7.098 1.233 2.030298424 5.75669099757 3.49603778247
2020_Townsend_2859-hexa_345	-5.88	8.213 7.014 1.199 1.99031734 5.84987489575 3.52406114293
2020_Townsend_2860-hexa_346	-5.69	8.052 7.026 1.026 1.884535376 6.84795321637 3.72823990968
2020_Townsend_2861-hexa_347	-6.15	8.033 6.886 1.147 1.966478169 6.00348735833 3.50169155628
2020_Townsend_2862-hexa_348	-5.41	8.104 6.985 1.119 1.624562026 6.24218051832 4.29962038273
2020_Townsend_2863-hexa_349	-5.51	7.613 6.44 1.173 1.563873183 5.49019607843 4.11798096547
2020_Townsend_2864-hexa_350	-5.22	8.376 7.263 1.113 1.639954302 6.525606469 4.42878194297
2020_Townsend_2865-hexa_351	-5.61	8.339 7.265 1.074 1.639124926 6.7644320298 4.43224301257
2020_Townsend_2866-hexa_352	-5.35	8.375 7.228 1.147 1.635048507 6.3016564952 4.42066395526
2020_Townsend_2867-hexa_353	-5.72	8.365 7.295 1.07 1.642028354 6.81775700935 4.44267602458
2020_Townsend_2868-hexa_354	-5.73	7.894 6.736 1.158 1.611545513 5.81692573402 4.17983851257
2020_Townsend_2869-hexa_355	-5.41	8.096 6.856 1.24 1.658853157 5.52903225806 4.13297582795
2020_Townsend_2870-hexa_356	-4.9	8.343 7.267 1.076 1.600608181 6.75371747212 4.54014922969
2020_Townsend_2871-hexa_357	-6.43	7.944 6.728 1.216 1.994300412 5.53289473684 3.37361410524
2020_Townsend_2872-hexa_358	-6.1	8.293 7.048 1.245 2.04859298 5.66104417671 3.44041011016
2020_Townsend_2873-hexa_359	-5.9	8.291 7.182 1.109 2.011762534 6.47610459874 3.57000385414
2020_Townsend_2874-hexa_360	-5.48	8.121 7.06 1.061 1.583601969 6.65409990575 4.45819097109
2020_Townsend_2875-hexa_361	-5.25	8.399 7.295 1.104 1.642674283 6.60778985507 4.44092908466
2020_Townsend_2876-hexa_362	-5.28	8.334 7.233 1.101 1.659908656 6.56948228883 4.35746869194
2020_Townsend_2877-hexa_363	-5	8.39 7.243 1.147 1.665470768 6.31473408893 4.34892052095
2020_Townsend_2878-hexa_364	-6.33	7.971 6.616 1.355 2.079683017 4.88265682657 3.18125404012
2020_Townsend_2879-hexa_365	-5.81	8.012 6.931 1.081 1.943201926 6.41165587419 3.56679350059
2020_Townsend_2880-hexa_366	-5.68	8.292 7.082 1.21 2.077283279 5.85289256198 3.40926058164
2020_Townsend_2881-hexa_367	-5.8	8.129 7.006 1.123 2.012244913 6.23864648264 3.48168354396
2020_Townsend_2882-hexa_368	-5.28	8.343 7.284 1.059 1.595620235 6.87818696884 4.56499600608
2020_Townsend_2883-hexa_369	-5.85	8.247 7.028 1.219 2.040640412 5.76538146021 3.44401686778
2020_Townsend_2884-hexa_370	-6.05	8.246 7.012 1.234 2.043260942 5.68233387358 3.43176921551
2020_Townsend_2885-hexa_371	-5.22	8.111 7.098 1.013 1.22702948 7.00691016782 5.78470209208
2020_Townsend_2886-hexa_372	-5.07	8.302 7.307 0.995 1.24324902 7.34371859296 5.87734225602
2020_Townsend_2887-hexa_373	-4.88	7.986 7.135 0.851 1.162982817 8.38425381904 6.13508634496
2020_Townsend_2888-hexa_374	-5.16	8.332 7.282 1.05 1.258909897 6.93523809524 5.7843694909
2020_Townsend_2889-hexa_375	-6.54	8.236 7.086 1.15 1.971181268 6.16173913043 3.59479877119
2020_Townsend_2890-hexa_376	-6.4	8.257 7.134 1.123 1.675083942 6.35262689225 4.25889104488
2020_Townsend_2891-hexa_377	-5.91	8.337 7.23 1.107 1.640852706 6.53116531165 4.40624559021
2020_Townsend_2892-hexa_378	-5.39	8.495 7.392 1.103 1.703872971 6.7017225748 4.33835158243
2020_Townsend_2893-hexa_379	-5.22	8.146 6.909 1.237 1.711059101 5.58528698464 4.03785000528
2020_Townsend_2894-hexa_380	-5.14	8.322 7.38 0.942 1.216169294 7.83439490446 6.06823411544
2020_Townsend_2895-hexa_381	-5	8.479 7.499 0.98 1.264632583 7.65204081633 5.92978553677
2020_Townsend_2896-hexa_382	-6.6	8.306 7.174 1.132 2.017288256 6.33745583039 3.55625923993
2020_Townsend_2897-hexa_383	-10	7.88 6.856 1.024 1.887479262 6.6953125 3.63235778958
2020_Townsend_2898-hexa_384	-6.07	8.456 7.331 1.125 1.700422413 6.51644444444 4.31128168151
2020_Townsend_2899-hexa_385	-6.01	7.76 6.568 1.192 1.618053618 5.51006711409 4.05919799377
2020_Townsend_2900-hexa_386	-5.76	8.277 7.296 0.981 1.599456125 7.4373088685 4.56155057082
2020_Townsend_2901-hexa_387	-5.91	8.239 7.003 1.236 1.659570513 5.66585760518 4.21976646677
2020_Townsend_2902-hexa_388	-5.56	8.33 7.284 1.046 1.648964336 6.96367112811 4.41731809535
2020_Townsend_2903-hexa_389	-5.12	8.297 7.139 1.158 1.699369133 6.16493955095 4.20097073753
2020_Townsend_2904-hexa_390	-5.65	8.323 7.225 1.098 1.69249676 6.58014571949 4.26884125911
2020_Townsend_2905-hexa_391	-5.48	8.36 7.281 1.079 1.648708704 6.74791473587 4.41618339391
2020_Townsend_2906-hexa_392	-5.94	7.98 6.86 1.12 1.97384165 6.125 3.47545609852
2020_Townsend_2907-hexa_393	-5.89	8.162 7.073 1.089 1.642697253 6.49494949495 4.30572339917
2020_Townsend_2908-hexa_394	-5.63	8.296 7.237 1.059 1.62748588 6.83380547686 4.446735968
2020_Townsend_2909-hexa_395	-5.77	8.307 7.318 0.989 1.274995091 7.39939332659 5.73962994184
2020_Townsend_2910-hexa_396	-5.59	8.289 7.217 1.072 1.311947054 6.7322761194 5.50098418835
2020_Townsend_2911-hexa_397	-5.35	8.345 7.24 1.105 1.339770844 6.5520361991 5.40390920763
2020_Townsend_2912-hexa_398	-10	8.045 6.852 1.193 1.667706428 5.743503772 4.10863679899
2020_Townsend_2913-hexa_399	-6.89	7.965 6.921 1.044 1.601747684 6.62931034483 4.32090526438
2020_Townsend_2914-hexa_400	-6.28	8.183 7.14 1.043 1.627942329 6.84563758389 4.385904754
2020_Townsend_2915-hexa_401	-6.22	8.28 7.182 1.098 1.652741903 6.54098360656 4.34550608717
2020_Townsend_2916-hexa_402	-5.2	8.479 7.599 0.88 1.249775267 8.63522727273 6.08029315402
2020_Townsend_2917-hexa_403	-5.51	8.358 7.332 1.026 1.304234374 7.14619883041 5.62168897413
2020_Townsend_2918-hexa_404	-5.3	8.455 7.463 0.992 1.301303825 7.52318548387 5.73501733924
2020_Townsend_2919-hexa_405	-6.41	8.185 7.005 1.18 1.71090526 5.93644067797 4.09432372661
2020_Townsend_2920-hexa_406	-5.52	8.47 7.449 1.021 1.313716093 7.2957884427 5.67017488763
2020_Townsend_2921-hexa_407	-5.58	8.669 7.533 1.136 1.737197374 6.63116197183 4.33629483486
2020_Townsend_2922-hexa_408	-5.22	8.568 7.521 1.047 1.342013044 7.18338108883 5.60426743512
2020_Townsend_2923-hexa_409	-5.95	8.021 6.842 1.179 1.693470764 5.8032230704 4.04022327722
2020_Townsend_2924-hexa_410	-6.28	8.143 7.096 1.047 1.289614028 6.77745940783 5.50242153538
2020_Townsend_2925-hexa_411	-6.02	8.284 7.336 0.948 1.221220575 7.73839662447 6.00710481806
2020_Townsend_2926-hexa_412	-5.24	8.377 7.424 0.953 1.249954739 7.79013641133 5.93941505909
2020_Townsend_2927-hexa_413	-5.5	8.56 7.668 0.892 1.307147652 8.59641255605 5.86620798979
2020_Townsend_2928-hexa_414	-6.12	8.323 7.317 1.006 1.302543146 7.27335984095 5.61747226759
2020_Townsend_2929-hexa_415	-6.31	8.135 7.043 1.092 1.348034371 6.44963369963 5.22464423127
2020_Townsend_2930-hexa_416	-6.7	7.736 6.645 1.091 2.254515815 6.09074243813 2.9474177807
2020_Townsend_2931-hexa_417	-5.43	7.664 6.613 1.051 2.204412863 6.29210275928 2.99989176755
2020_Townsend_2932-hexa_418	-6.22	7.913 6.864 1.049 2.243377154 6.54337464252 3.05967277404
2020_Townsend_2933-hexa_419	-7.26	7.897 6.703 1.194 2.292636276 5.61390284757 2.92370842692
2020_Townsend_2934-hexa_420	-6.89	8.152 6.801 1.351 2.365117707 5.0340488527 2.87554398661
2020_Townsend_2935-hexa_421	-7.02	8.342 6.977 1.365 2.438120342 5.11135531136 2.8616306914
2020_Townsend_2936-hexa_422	-6.77	8.249 7.021 1.228 2.067982122 5.7174267101 3.3950970491
2020_Townsend_2937-hexa_423	-5.88	8.15 7.106 1.044 1.954640158 6.80651340996 3.63545175869
2020_Townsend_2938-hexa_424	-5.69	8.201 6.978 1.223 2.024469809 5.70564186427 3.4468283839
2020_Townsend_2939-hexa_425	-6.79	8.054 6.902 1.152 1.919588467 5.99131944444 3.59556233987
2020_Townsend_2940-hexa_426	-5.67	8.102 7.033 1.069 1.928240188 6.57904583723 3.647367192
2020_Townsend_2941-hexa_427	-6.26	7.96 6.967 0.993 1.911571993 7.01611278953 3.64464431657
2020_Townsend_2942-hexa_428	-5.85	8.246 7.016 1.23 2.023587576 5.70406504065 3.46710964389
2020_Townsend_2943-hexa_429	-5.85	7.821 6.656 1.165 1.940352527 5.71330472103 3.43030449745
2020_Townsend_2944-hexa_430	-6.06	8.342 7.098 1.244 2.00435822 5.70578778135 3.54128315447
2020_Townsend_2945-hexa_431	-5.8	8.34 7.127 1.213 2.006924362 5.87551525144 3.55120508523
2020_Townsend_2946-hexa_432	-7.12	7.928 6.745 1.183 1.970468781 5.70160608622 3.42304332098
2020_Townsend_2947-hexa_433	-6.31	8.116 6.966 1.15 1.997184165 6.05739130435 3.4879106905
2020_Townsend_2948-hexa_434	-5.87	8.066 6.958 1.108 1.963764778 6.2797833935 3.54319421448
2020_Townsend_2949-hexa_435	-6.33	8.139 6.912 1.227 1.998832521 5.63325183374 3.45801858204
2020_Townsend_2950-hexa_436	-5.83	8.099 6.954 1.145 1.943216813 6.07336244541 3.57860221951
2020_Townsend_2951-hexa_437	-5.89	7.71 6.511 1.199 1.889070981 5.43035863219 3.44666773535
2020_Townsend_2952-hexa_438	-6.27	8.068 6.9 1.168 1.988623843 5.90753424658 3.46973613149
2020_Townsend_2953-hexa_439	-6.21	8.285 7.038 1.247 2.012965256 5.64394546913 3.49633456366
2020_Townsend_2954-hexa_440	-6.37	8.133 7.101 1.032 1.581650302 6.88081395349 4.48961441794
2020_Townsend_2955-hexa_441	-5.58	8.208 7.147 1.061 1.575602579 6.73609802074 4.53604233406
2020_Townsend_2956-hexa_442	-5.18	7.974 7.029 0.945 1.529564669 7.4380952381 4.59542518369
2020_Townsend_2957-hexa_443	-5.92	8.449 7.262 1.187 1.673489608 6.11794439764 4.33943537222
2020_Townsend_2958-hexa_444	-6.49	8.477 7.393 1.084 1.656269041 6.82011070111 4.4636467971
2020_Townsend_2959-hexa_445	-5.38	8.192 7.152 1.04 1.580905997 6.87692307692 4.52398815209
2020_Townsend_2960-hexa_446	-5.3	8.361 7.264 1.097 1.608142494 6.62169553327 4.51701265721
2020_Townsend_2961-hexa_447	-5.14	8.096 7.121 0.975 1.588960443 7.30358974359 4.48154642954
2020_Townsend_2962-hexa_448	-5.16	8.342 7.214 1.128 1.620269873 6.39539007092 4.45234471134
2020_Townsend_2963-hexa_449	-6.63	7.729 6.509 1.22 1.968726322 5.33524590164 3.30619849355
2020_Townsend_2964-hexa_450	-6.45	8.061 6.952 1.109 1.951822287 6.26871055005 3.56179968141
2020_Townsend_2965-hexa_451	-6.2	7.833 6.703 1.13 2.02487828 5.93185840708 3.31032243578
2020_Townsend_2966-hexa_452	-6.47	8.359 7.267 1.092 1.641823913 6.65476190476 4.42617502551
2020_Townsend_2967-hexa_453	-5.96	8.092 7.135 0.957 1.571350524 7.45559038662 4.54068006535
2020_Townsend_2968-hexa_454	-5.78	8.144 7.128 1.016 1.556781318 7.0157480315 4.57867776134
2020_Townsend_2969-hexa_455	-5.37	8.403 7.265 1.138 1.647062046 6.38400702988 4.41088422725
2020_Townsend_2970-hexa_456	-5.3	8.156 7.071 1.085 1.596048082 6.51705069124 4.43031765756
2020_Townsend_2971-hexa_457	-5.49	8.463 7.339 1.124 1.626130804 6.5293594306 4.51316707238
2020_Townsend_2972-hexa_458	-6.21	8.079 6.978 1.101 1.961043625 6.3378746594 3.55830941803
2020_Townsend_2973-hexa_459	-6.63	8.387 7.296 1.091 2.021686287 6.68744271311 3.60886852076
2020_Townsend_2974-hexa_460	-6.34	8.29 7.066 1.224 2.077421466 5.77287581699 3.40133194715
2020_Townsend_2975-hexa_461	-6.32	8.087 6.914 1.173 2.032270836 5.89428815004 3.402105604
2020_Townsend_2976-hexa_462	-6.02	8.147 7.124 1.023 1.607091665 6.96383186706 4.43285231026
2020_Townsend_2977-hexa_463	-5.32	8.131 7.089 1.042 1.555496513 6.80326295585 4.55738726558
2020_Townsend_2978-hexa_464	-6.27	8.18 6.957 1.223 2.050683973 5.68847097302 3.39252663579
2020_Townsend_2979-hexa_465	-6.08	8.14 6.991 1.149 1.974111675 6.08442123586 3.54133967624
2020_Townsend_2980-hexa_466	-5.2	8.395 7.498 0.897 1.238423123 8.35897435897 6.05447351616
2020_Townsend_2981-hexa_467	-5.32	8.577 7.558 1.019 1.269527692 7.41707556428 5.95339514658
2020_Townsend_2982-hexa_468	-5.23	8.467 7.417 1.05 1.2872721 7.06380952381 5.76179659297
2020_Townsend_2983-hexa_469	-5.35	8.29 7.26 1.03 1.263116167 7.04854368932 5.74768987182
2020_Townsend_2984-hexa_470	-6.34	8.312 7.34 0.972 1.64314345 7.55144032922 4.46704759709
2020_Townsend_2985-hexa_471	-5.53	8.389 7.291 1.098 1.667459857 6.64025500911 4.37251905609
2020_Townsend_2986-hexa_472	-5.27	8.031 7.022 1.009 1.247186858 6.95936570862 5.63027100146
2020_Townsend_2987-hexa_473	-5.28	8.441 7.407 1.034 1.267599847 7.16344294004 5.84332667563
2020_Townsend_2988-hexa_474	-5.19	8.289 7.36 0.929 1.210533841 7.92249730893 6.07996220405
2020_Townsend_2989-hexa_475	-6.86	8.285 7.231 1.054 1.955708277 6.8605313093 3.69738170311
2020_Townsend_2990-hexa_476	-6.09	8.129 7.039 1.09 1.647359905 6.45779816514 4.27289748806
2020_Townsend_2991-hexa_477	-5.79	8.194 7.125 1.069 1.666531218 6.66510757717 4.27534745407
2020_Townsend_2992-hexa_478	-5.78	8.226 7.038 1.188 1.662699673 5.92424242424 4.23287507316
2020_Townsend_2993-hexa_479	-5.44	8.312 7.226 1.086 1.648473361 6.65377532228 4.38344966376
2020_Townsend_2995-hexa_481	-6.61	8.23 7.184 1.046 1.951313456 6.86806883365 3.68162274386
2020_Townsend_2996-hexa_482	-5.98	7.796 6.656 1.14 1.579924301 5.83859649123 4.21286006917
2020_Townsend_2997-hexa_483	-5.59	8.185 7.106 1.079 1.640662866 6.58572752549 4.33117622594
2020_Townsend_2998-hexa_484	-5.5	8.366 7.231 1.135 1.662960717 6.37092511013 4.34826867892
2020_Townsend_2999-hexa_485	-6.75	8.313 7.219 1.094 1.654921336 6.5987202925 4.36214087217
2020_Townsend_3000-hexa_486	-5.87	8.912 7.723 1.189 1.742601828 6.49537426409 4.43187874356
2020_Townsend_3001-hexa_487	-5.89	8.57 7.539 1.031 1.297384045 7.31231813773 5.81092393502
2020_Townsend_3002-hexa_488	-5.44	8.34 7.257 1.083 1.31218475 6.70083102493 5.53047122366
2020_Townsend_3003-hexa_489	-5.37	8.411 7.312 1.099 1.344688447 6.65332120109 5.43769080214
2020_Townsend_3004-hexa_490	-6.19	8.696 7.499 1.197 1.752704785 6.26482873851 4.27852999785
2020_Townsend_3005-hexa_491	-5.93	8.609 7.343 1.266 1.769552252 5.80015797788 4.1496372835
2020_Townsend_3006-hexa_492	-5.6	8.552 7.477 1.075 1.320494151 6.95534883721 5.66227422843
2020_Townsend_3007-hexa_493	-5.37	8.502 7.424 1.078 1.345411035 6.88682745826 5.51801628415
2020_Townsend_3008-hexa_494	-6.22	8.26 7.12 1.14 1.681307046 6.24561403509 4.23480054814
2020_Townsend_3009-hexa_495	-6	8.455 7.418 1.037 1.668484714 7.15332690453 4.44595023122
2020_Townsend_3010-hexa_496	-5.44	8.299 7.347 0.952 1.277621466 7.71743697479 5.75052955474
2020_Townsend_3011-hexa_497	-5.35	8.368 7.483 0.885 1.253887038 8.45536723164 5.96784221642
2020_Townsend_3012-hexa_498	-5.37	8.268 7.257 1.011 1.307573649 7.17804154303 5.54997418734
2020_Townsend_3013-hexa_499	-6.22	8.134 6.98 1.154 1.701364605 6.04852686308 4.10258916842
2020_Townsend_3014-hexa_500	-5.58	8.911 7.749 1.162 1.41336635 6.6686746988 5.48265493939
2020_Townsend_3015-hexa_501	-5.41	8.618 7.483 1.135 1.349445333 6.59295154185 5.54524130545
2020_Townsend_3016-hexa_502	-6.56	8.49 7.378 1.112 1.716278987 6.63489208633 4.29883489566
2020_Townsend_3017-hexa_503	-6.33	8.574 7.487 1.087 1.763475977 6.88776448942 4.24559228345
2020_Townsend_3018-hexa_504	-5.32	8.663 7.695 0.968 1.311228451 7.94938016529 5.86854258244
2020_Townsend_3019-hexa_505	-6.07	8.561 7.488 1.073 1.737417179 6.97856477167 4.30984572416
2020_Townsend_3020-hexa_506	-5.96	8.439 7.351 1.088 1.720951658 6.75643382353 4.27147384752
2020_Townsend_3021-hexa_507	-5.34	8.37 7.431 0.939 1.317386741 7.91373801917 5.64071260833
2020_Townsend_3022-hexa_508	-5.53	9.051 7.897 1.154 1.450517396 6.8431542461 5.4442642479
2020_Townsend_3023-hexa_509	-5.53	8.631 7.566 1.065 1.374367074 7.10422535211 5.50507949669
2020_Townsend_3024-hexa_510	-6.06	8.545 7.456 1.089 1.429045887 6.84664830119 5.21746717011
2020_Townsend_3025-hexa_511	-5.65	8.639 7.411 1.228 1.518274475 6.03501628664 4.88119909939
2020_Townsend_3026-hexa_512	-6.67	7.658 6.553 1.105 2.233008365 5.93031674208 2.93460611376
2020_Townsend_3027-hexa_513	-10	7.883 6.567 1.316 2.351755596 4.99012158055 2.79238200227
2020_Townsend_3028-hexa_514	-10	7.992 6.788 1.204 2.356763822 5.63787375415 2.88022072328
2020_Townsend_3029-hexa_515	-4.82	7.827 6.737 1.09 2.240028291 6.18073394495 3.00755130061
2020_Townsend_3030-hexa_516	-5.14	7.957 6.809 1.148 2.27336809 5.93118466899 2.99511549843
2020_Townsend_3031-hexa_517	-5.24	8.033 6.793 1.24 2.349762534 5.47822580645 2.89093042455
2020_Townsend_3032-hexa_518	-6.58	8.014 6.796 1.218 2.329775478 5.57963875205 2.91701928541
2020_Townsend_3033-hexa_519	-6.91	8.178 7.155 1.023 1.961881682 6.99413489736 3.64700892294
2020_Townsend_3034-hexa_520	-6.67	7.709 6.638 1.071 1.874870456 6.197945845 3.54051128106
2020_Townsend_3035-hexa_521	-10	8.159 6.839 1.32 2.075299672 5.18106060606 3.295427688
2020_Townsend_3036-hexa_522	-10	8.029 6.904 1.125 1.954144166 6.13688888889 3.53300443239
2020_Townsend_3037-hexa_523	-6.39	8.018 6.724 1.294 1.999835077 5.19629057187 3.36227725843
2020_Townsend_3038-hexa_524	-6.35	8.163 7.04 1.123 1.981267094 6.26892252894 3.55328164553
2020_Townsend_3039-hexa_525	-6.28	7.976 6.901 1.075 1.950115241 6.41953488372 3.53876522521
2020_Townsend_3040-hexa_526	-5.69	8.195 7.051 1.144 1.961738405 6.16346153846 3.5942610809
2020_Townsend_3041-hexa_527	-5.4	8.128 7.032 1.096 1.954602938 6.41605839416 3.59766163413
2020_Townsend_3042-hexa_528	-5.72	7.959 6.75 1.209 1.952137997 5.58312655087 3.45774735719
2020_Townsend_3043-hexa_529	-6.52	8.043 6.856 1.187 1.978894249 5.77590564448 3.46456108176
2020_Townsend_3044-hexa_530	-6.55	8.226 6.955 1.271 2.045633854 5.47206923682 3.39992417822
2020_Townsend_3045-hexa_531	-6.21	8.317 7.221 1.096 1.992417523 6.58850364964 3.62424035958
2020_Townsend_3046-hexa_532	-6.27	8.204 7.041 1.163 2.00588707 6.05417024936 3.51016769852
2020_Townsend_3047-hexa_533	-5.53	7.778 6.839 0.939 1.832009179 7.2832800852 3.7330598986
2020_Townsend_3048-hexa_534	-5.68	8.178 6.968 1.21 1.994903522 5.75867768595 3.4929007459
2020_Townsend_3049-hexa_535	-5.61	8.187 7.06 1.127 1.970571301 6.264418811 3.58271735533
2020_Townsend_3050-hexa_536	-5.3	8.065 7.062 1.003 1.882319103 7.0408773679 3.75175494354
2020_Townsend_3051-hexa_537	-6.46	8.332 7.171 1.161 1.998552383 6.17657192076 3.58809709518
2020_Townsend_3052-hexa_538	-6.04	7.966 6.937 1.029 1.925643033 6.74149659864 3.60243299569
2020_Townsend_3053-hexa_539	-5.62	8.039 6.812 1.227 1.988900096 5.55175224124 3.42500863352
2020_Townsend_3054-hexa_540	-10	8.179 7.003 1.176 1.645013072 5.95493197279 4.25710902801
2020_Townsend_3055-hexa_541	-5.2	8.076 6.846 1.23 1.640398436 5.56585365854 4.17337632721
2020_Townsend_3056-hexa_542	-6.26	8.168 7.081 1.087 1.611772952 6.51425942962 4.39329869087
2020_Townsend_3057-hexa_543	-6.14	8.151 7.126 1.025 1.566975401 6.95219512195 4.54761446507
2020_Townsend_3058-hexa_544	-5.65	8.287 7.363 0.924 1.577579656 7.96861471861 4.66727621138
2020_Townsend_3059-hexa_545	-5.7	8.245 7.188 1.057 1.619825448 6.80037842952 4.43751517108
2020_Townsend_3060-hexa_546	-5.69	8.207 7.009 1.198 1.638171548 5.85058430718 4.27855068571
2020_Townsend_3061-hexa_547	-4.82	8.229 7.051 1.178 1.630410103 5.98556876061 4.32467879525
2020_Townsend_3062-hexa_548	-4.92	8.399 7.478 0.921 1.566915136 8.11943539631 4.77243459342
2020_Townsend_3063-hexa_549	-6.67	8.329 7.024 1.305 2.105808014 5.38237547893 3.33553674091
2020_Townsend_3064-hexa_550	-6.46	8.067 7.048 1.019 1.946086372 6.91658488714 3.62162753997
2020_Townsend_3065-hexa_551	-5.62	7.698 6.539 1.159 1.949617462 5.6419327006 3.35399129699
2020_Townsend_3066-hexa_552	-5.18	8.184 7.029 1.155 1.605360057 6.08571428571 4.37845701302
2020_Townsend_3067-hexa_553	-5.11	7.905 6.858 1.047 1.539734752 6.55014326648 4.45401390797
2020_Townsend_3068-hexa_554	-5.41	7.94 6.821 1.119 1.574467974 6.09562109026 4.33225706247
2020_Townsend_3069-hexa_555	-5.46	8.177 7.021 1.156 1.627419708 6.07352941176 4.31419133336
2020_Townsend_3070-hexa_556	-4.89	8.362 7.295 1.067 1.613641366 6.83692596064 4.52083105559
2020_Townsend_3071-hexa_557	-6.69	7.894 6.856 1.038 1.884236345 6.60500963391 3.63860935927
2020_Townsend_3072-hexa_558	-6.32	8.196 6.953 1.243 2.056508632 5.59372485921 3.38097292266
2020_Townsend_3073-hexa_559	-6.34	8.074 6.885 1.189 1.9993375 5.7905803196 3.44364070598
2020_Townsend_3074-hexa_560	-5.56	8.215 7.107 1.108 2.01681319 6.4142599278 3.52387619996
2020_Townsend_3075-hexa_561	-5.07	8.183 7.205 0.978 1.559481495 7.36707566462 4.62012535776
2020_Townsend_3076-hexa_562	-5.17	8.135 7.245 0.89 1.518654984 8.1404494382 4.77066883284
2020_Townsend_3077-hexa_563	-6.54	7.969 6.779 1.19 2.017764397 5.69663865546 3.35965884326
2020_Townsend_3078-hexa_564	-6.04	7.997 6.88 1.117 1.994133403 6.15935541629 3.4501202325
2020_Townsend_3079-hexa_565	-5.88	8.221 7.139 1.082 2.009400052 6.59796672828 3.55280173945
2020_Townsend_3080-hexa_566	-5.84	8.288 7.255 1.033 1.255062031 7.02323330106 5.78059077623
2020_Townsend_3081-hexa_567	-5.03	8.346 7.281 1.065 1.265915918 6.83661971831 5.75156682721
2020_Townsend_3082-hexa_568	-6.26	8.208 7.227 0.981 1.584764727 7.36697247706 4.56029836913
2020_Townsend_3083-hexa_569	-6.23	8.189 6.967 1.222 1.731551045 5.70130932897 4.02356027569
2020_Townsend_3084-hexa_570	-5.04	8.228 7.113 1.115 1.995729597 6.37937219731 3.56411009322
2020_Townsend_3085-hexa_571	-5.49	8.175 6.994 1.181 1.640082201 5.92209991533 4.26442040267
2020_Townsend_3086-hexa_572	-5	8.398 7.34 1.058 1.276114391 6.93761814745 5.75183545595
2020_Townsend_3087-hexa_573	-5.49	8.219 7.107 1.112 1.987313376 6.39118705036 3.57618485631
2020_Townsend_3088-hexa_574	-6.1	8.112 6.954 1.158 1.653788325 6.00518134715 4.20489121545
2020_Townsend_3089-hexa_575	-10	7.997 6.939 1.058 1.636478292 6.55860113422 4.24020290029
2020_Townsend_3090-hexa_576	-5.76	8.483 7.395 1.088 1.653483998 6.796875 4.4723747003
2020_Townsend_3091-hexa_577	-5.77	8.228 7.191 1.037 1.623789956 6.93442622951 4.42852843955
2020_Townsend_3092-hexa_578	-5.45	7.977 6.79 1.187 1.661850953 5.72030328559 4.08580564204
2020_Townsend_3093-hexa_579	-5.09	8.291 7.267 1.024 1.624534934 7.0966796875 4.47328022803
2020_Townsend_3094-hexa_580	-10	8.112 7.043 1.069 1.607539812 6.58840037418 4.38122897326
2020_Townsend_3095-hexa_581	-6.46	8.118 7.126 0.992 1.928135288 7.18346774194 3.69579875663
2020_Townsend_3096-hexa_582	-5.81	8.243 7.157 1.086 1.624859356 6.59023941068 4.40468891881
2020_Townsend_3097-hexa_583	-5.74	8.415 7.448 0.967 1.616832201 7.70217166494 4.60653863486
2020_Townsend_3098-hexa_584	-6.29	8.292 7.197 1.095 1.665377362 6.57260273973 4.32154307139
2020_Townsend_3099-hexa_585	-6.27	8.721 7.356 1.365 1.768199855 5.38901098901 4.16016321865
2020_Townsend_3100-hexa_586	-5.1	8.308 7.227 1.081 1.339473737 6.68547641073 5.39540253786
2020_Townsend_3101-hexa_587	-10	8.418 7.362 1.056 1.64100745 6.97159090909 4.48626848099
2020_Townsend_3102-hexa_588	-6.31	7.994 7.011 0.983 1.567205294 7.13224821974 4.47356834924
2020_Townsend_3103-hexa_589	-5.99	8.557 7.445 1.112 1.699005873 6.69514388489 4.38197425819
2020_Townsend_3104-hexa_590	-6.22	8.312 7.395 0.917 1.25073211 8.06434023991 5.91253709797
2020_Townsend_3105-hexa_591	-5.73	8.198 7.134 1.064 1.634744056 6.70488721805 4.36398589358
2020_Townsend_3106-hexa_592	-5.08	8.395 7.269 1.126 1.338919393 6.45559502664 5.42900494085
2020_Townsend_3107-hexa_593	-5.28	8.276 7.223 1.053 1.294441729 6.85944919278 5.58001170557
2020_Townsend_3108-hexa_594	-6.01	8.508 7.42 1.088 1.717883972 6.81985294118 4.3192672619
2020_Townsend_3109-hexa_595	-10	8.124 7.202 0.922 1.558606155 7.81127982646 4.62079530284
2020_Townsend_3110-hexa_596	-6.2	8.453 7.429 1.024 1.285694425 7.2548828125 5.77820036826
2020_Townsend_3111-hexa_597	-6	8.547 7.453 1.094 1.690024475 6.8126142596 4.40999530495
2020_Townsend_3112-hexa_598	-5.19	8.371 7.353 1.018 1.283560958 7.22298624754 5.72859430958
2020_Townsend_3113-hexa_599	-6.03	8.184 7.181 1.003 1.625991183 7.15952143569 4.41638311147
2020_Townsend_3114-hexa_600	-6.34	8.052 7.083 0.969 1.608654186 7.30959752322 4.4030594404
2020_Townsend_3115-hexa_601	-10	8.197 7.264 0.933 1.604529476 7.78563772776 4.52718389325
2020_Townsend_3116-hexa_602	-5.67	8.62 7.455 1.165 1.423316257 6.3991416309 5.23776775775
2020_Townsend_3117-hexa_603	-5.99	8.412 7.432 0.98 1.318059464 7.58367346939 5.63859234199
2020_Townsend_3118-hexa_604	-6.79	8.679 7.657 1.022 1.403613817 7.49217221135 5.45520420735
2020_Townsend_3119-hexa_605	-6.43	7.907 6.836 1.071 2.243586898 6.38281979458 3.0469067216
2020_Townsend_3120-hexa_606	-10	7.85 6.7 1.15 2.281087255 5.82608695652 2.93719584173
2020_Townsend_3121-hexa_607	-6.34	7.928 6.756 1.172 2.301825509 5.76450511945 2.93506174712
2020_Townsend_3122-hexa_608	-6.8	7.928 6.832 1.096 2.26975673 6.23357664234 3.01001420535
2020_Townsend_3123-hexa_609	-6.34	8.067 6.922 1.145 2.294045789 6.04541484716 3.01737656379
2020_Townsend_3124-hexa_610	-6.61	7.847 6.69 1.157 2.287403875 5.78219533276 2.92471306581
2020_Townsend_3125-hexa_611	-6.75	7.941 6.88 1.061 1.928249837 6.48444863336 3.56800237603
2020_Townsend_3126-hexa_612	-6.1	8.114 6.857 1.257 2.029549759 5.45505171042 3.37858186014
2020_Townsend_3127-hexa_613	-6.2	8.112 7.134 0.978 1.90713243 7.29447852761 3.74069460924
2020_Townsend_3128-hexa_614	-10	7.689 6.634 1.055 1.883563922 6.28815165877 3.52204664918
2020_Townsend_3129-hexa_615	-6.99	7.84 6.729 1.111 1.935558993 6.05670567057 3.47651506585
2020_Townsend_3130-hexa_616	-10	8.096 6.941 1.155 1.963350248 6.00952380952 3.53528363422
2020_Townsend_3131-hexa_617	-5.85	8.273 7.062 1.211 2.005690772 5.83154417836 3.52098144868
2020_Townsend_3132-hexa_618	-5.93	8.034 6.901 1.133 1.952291878 6.09090909091 3.53481980731
2020_Townsend_3133-hexa_619	-5.38	8.076 6.969 1.107 1.95522854 6.29539295393 3.56428921603
2020_Townsend_3134-hexa_620	-5.49	8.258 7.193 1.065 1.965029082 6.75399061033 3.66050562095
2020_Townsend_3135-hexa_621	-5.24	8.234 7.265 0.969 1.918555759 7.49742002064 3.78670255786
2020_Townsend_3136-hexa_622	-6.61	8.036 6.945 1.091 1.93482957 6.36571952337 3.58946343786
2020_Townsend_3137-hexa_623	-6.15	7.86 6.842 1.018 1.885097575 6.721021611 3.62952034459
2020_Townsend_3138-hexa_624	-5.19	8.228 7.183 1.045 1.922874241 6.87368421053 3.73555370749
2020_Townsend_3139-hexa_625	-5.2	8.115 7.081 1.034 1.921121034 6.84816247582 3.68586875823
2020_Townsend_3140-hexa_626	-5.42	8.201 7.05 1.151 1.968447103 6.12510860122 3.58150340401
2020_Townsend_3141-hexa_627	-5.99	8.103 7.025 1.078 1.919244644 6.51669758813 3.66029417978
2020_Townsend_3142-hexa_628	-5.64	7.942 6.782 1.16 1.930911705 5.84655172414 3.51233046153
2020_Townsend_3143-hexa_629	-5.16	7.914 6.797 1.117 1.927664198 6.08504923903 3.52602907034
2020_Townsend_3144-hexa_630	-5.43	8.355 7.439 0.916 1.560078742 8.1211790393 4.76834905811
2020_Townsend_3145-hexa_631	-6.25	8.252 7.209 1.043 1.617067278 6.91179290508 4.45807054417
2020_Townsend_3146-hexa_632	-5.47	8.19 7.055 1.135 1.615703152 6.21585903084 4.36651992123
2020_Townsend_3147-hexa_633	-6.27	8.236 7.184 1.052 1.624531724 6.8288973384 4.42219742087
2020_Townsend_3148-hexa_634	-5.66	8.231 7.138 1.093 1.613867908 6.53064958829 4.42291464166
2020_Townsend_3149-hexa_635	-5.3	8.152 7.176 0.976 1.550558746 7.35245901639 4.62800910866
2020_Townsend_3150-hexa_636	-5.07	8.172 7.043 1.129 1.618679223 6.2382639504 4.35107827414
2020_Townsend_3151-hexa_637	-4.89	8.392 7.398 0.994 1.596257203 7.44265593561 4.63459145938
2020_Townsend_3152-hexa_638	-6.72	8.113 6.918 1.195 2.040251555 5.78912133891 3.39075835185
2020_Townsend_3153-hexa_639	-6.42	8.166 7.05 1.116 1.994972223 6.31720430108 3.53388378982
2020_Townsend_3154-hexa_640	-5.73	8.057 6.963 1.094 1.952679386 6.3647166362 3.56586956872
2020_Townsend_3155-hexa_641	-5.82	8.361 7.137 1.224 1.656860123 5.83088235294 4.30754527852
2020_Townsend_3156-hexa_642	-5.23	8.129 7.184 0.945 1.531264519 7.60211640212 4.69154735244
2020_Townsend_3157-hexa_643	-5.94	8.361 7.108 1.253 1.655041658 5.67278531524 4.29475594505
2020_Townsend_3158-hexa_644	-5.47	8.251 7.181 1.07 1.625115296 6.71121495327 4.4187634057
2020_Townsend_3159-hexa_645	-5.5	8.326 7.353 0.973 1.581240007 7.55704008222 4.65014796454
2020_Townsend_3160-hexa_646	-4.88	8.298 7.307 0.991 1.562155474 7.37336024218 4.67751137554
2020_Townsend_3161-hexa_647	-10	8.217 7.104 1.113 1.636783709 6.38274932615 4.34021915109
2020_Townsend_3162-hexa_648	-4.91	8.387 7.369 1.018 1.582837055 7.23870333988 4.65556449839
2020_Townsend_3163-hexa_649	-6.75	8.25 7.046 1.204 1.993316983 5.85215946844 3.53481160302
2020_Townsend_3164-hexa_650	-5.89	8.444 7.167 1.277 2.124540936 5.61237274863 3.37343464584
2020_Townsend_3165-hexa_651	-5.99	7.719 6.562 1.157 1.93614764 5.67156439067 3.38920434807
2020_Townsend_3166-hexa_652	-5.48	8.141 7.054 1.087 1.986343588 6.48942042318 3.55124865739
2020_Townsend_3167-hexa_653	-5.57	8.351 7.21 1.141 1.644723904 6.31901840491 4.38371448391
2020_Townsend_3168-hexa_654	-4.81	8.192 7.199 0.993 1.575033501 7.24974823766 4.5706964299
2020_Townsend_3169-hexa_655	-4.87	8.075 7.123 0.952 1.536515643 7.48214285714 4.63581352552
2020_Townsend_3170-hexa_656	-6.06	8.018 6.926 1.092 1.939652651 6.34249084249 3.57074241949
2020_Townsend_3171-hexa_657	-5.82	7.915 6.753 1.162 1.952601619 5.81153184165 3.45846276798
2020_Townsend_3172-hexa_658	-5.68	8.395 7.321 1.074 2.031548341 6.8165735568 3.60365532646
2020_Townsend_3173-hexa_659	-5.68	8.259 7.182 1.077 1.267192326 6.66852367688 5.66764795891
2020_Townsend_3174-hexa_660	-5.07	8.254 7.222 1.032 1.244986124 6.9980620155 5.80086786574
2020_Townsend_3175-hexa_661	-6.37	8.234 7.176 1.058 1.650686155 6.78260869565 4.34728308483
2020_Townsend_3176-hexa_662	-6.01	8.662 7.522 1.14 2.072422552 6.59824561404 3.62956868653
2020_Townsend_3177-hexa_663	-6.09	8.224 7.222 1.002 1.617914472 7.20758483034 4.46377118506
2020_Townsend_3178-hexa_664	-5.66	8.491 7.377 1.114 1.676599707 6.62208258528 4.39997691113
2020_Townsend_3179-hexa_665	-5.2	8.388 7.346 1.042 1.625700986 7.04990403071 4.51866614049
2020_Townsend_3180-hexa_666	-5.02	8.172 7.23 0.942 1.213578593 7.67515923567 5.95758695951
2020_Townsend_3181-hexa_667	-4.99	8.284 7.314 0.97 1.223225244 7.54020618557 5.97927490123
2020_Townsend_3182-hexa_668	-5.01	8.449 7.468 0.981 1.231242818 7.6126401631 6.06541609082
2020_Townsend_3183-hexa_669	-10	8.381 7.284 1.097 1.991979364 6.63992707384 3.65666438701
2020_Townsend_3184-hexa_670	-6.1	7.943 6.981 0.962 1.548342557 7.25675675676 4.50869219375
2020_Townsend_3185-hexa_671	-5.9	8.154 7.169 0.985 1.61558039 7.27817258883 4.43741459377
2020_Townsend_3186-hexa_672	-5.48	8.629 7.43 1.199 1.763616211 6.19683069224 4.2129347381
2020_Townsend_3187-hexa_673	-5.89	7.951 7.033 0.918 1.548233991 7.66122004357 4.54259500882
2020_Townsend_3188-hexa_674	-5.06	8.424 7.366 1.058 1.978377563 6.96219281664 3.72325290064
2020_Townsend_3189-hexa_675	-5.18	8.491 7.432 1.059 1.672663589 7.0179414542 4.44321263933
2020_Townsend_3190-hexa_676	-5	8.247 7.245 1.002 1.238691025 7.23053892216 5.84891619765
2020_Townsend_3191-hexa_677	-10	8.4 7.366 1.034 1.975666943 7.12379110251 3.72836121296
2020_Townsend_3192-hexa_678	-6.49	8.34 7.434 0.906 1.604592233 8.20529801325 4.63295275093
2020_Townsend_3193-hexa_679	-5.04	8.375 7.378 0.997 1.629761127 7.40020060181 4.52704379665
2020_Townsend_3194-hexa_680	-5.44	8.332 7.192 1.14 1.705866939 6.30877192982 4.2160380951
2020_Townsend_3195-hexa_681	-5.2	8.34 7.355 0.985 1.620427848 7.46700507614 4.53892470996
2020_Townsend_3196-hexa_682	-5.81	8.876 7.697 1.179 1.763672703 6.52841391009 4.36418842731
2020_Townsend_3197-hexa_683	-5.48	8.167 7.072 1.095 1.296545054 6.45844748858 5.45449614588
2020_Townsend_3198-hexa_684	-5.69	8.407 7.482 0.925 1.259817236 8.08864864865 5.93895668848
2020_Townsend_3199-hexa_685	-5.54	8.247 7.285 0.962 1.597547759 7.57276507277 4.56011406167
2020_Townsend_3200-hexa_686	-5.57	8.523 7.485 1.038 1.323552129 7.21098265896 5.6552362661
2020_Townsend_3201-hexa_687	-5.25	8.268 7.366 0.902 1.241246369 8.16629711752 5.93435774232
2020_Townsend_3202-hexa_688	-5	7.901 6.794 1.107 1.271657814 6.13730803975 5.34263221222
2020_Townsend_3203-hexa_689	-5.26	8.304 7.172 1.132 1.341525036 6.33568904594 5.34615441944
2020_Townsend_3204-hexa_690	-6.15	8.262 7.16 1.102 1.696013318 6.49727767695 4.22166496219
2020_Townsend_3205-hexa_691	-5.34	7.702 6.623 1.079 1.226995837 6.13809082484 5.397736325
2020_Townsend_3206-hexa_692	-5.27	8.55 7.55 1.0 1.306124388 7.55 5.78046016855
2020_Townsend_3207-hexa_693	-5.37	8.217 7.215 1.002 1.27705382 7.2005988024 5.64972273447
2020_Townsend_3208-hexa_694	-5.74	8.206 7.015 1.191 1.724275715 5.89000839631 4.06837487704
2020_Townsend_3209-hexa_695	-5.3	8.624 7.363 1.261 1.42032805 5.83901665345 5.18401365093
2020_Townsend_3210-hexa_696	-5.54	8.455 7.409 1.046 1.697308516 7.08317399618 4.36514630673
2020_Townsend_3211-hexa_697	-5.29	8.34 7.239 1.101 1.347910555 6.57493188011 5.37053439722
2020_Townsend_3212-hexa_698	-5.8	8.456 7.425 1.031 1.696167069 7.20174587779 4.37751689424
2020_Townsend_3213-hexa_699	-5.57	8.373 7.436 0.937 1.310259103 7.93596584845 5.67521338564
2020_Townsend_3214-hexa_700	-5.63	8.667 7.562 1.105 1.416685972 6.84343891403 5.33780961304
2020_Townsend_3215-hexa_701	-6.17	8.441 7.403 1.038 1.380208462 7.13198458574 5.36368251885
2020_Townsend_3216-hexa_702	-5.29	8.048 6.937 1.111 2.222105747 6.24392439244 3.12181362627
2020_Townsend_3217-hexa_703	-5.8	8.133 7.027 1.106 2.260442892 6.35352622061 3.1086828271
2020_Townsend_3218-hexa_704	-10	8.27 7.065 1.205 2.314168453 5.86307053942 3.05293246515
2020_Townsend_3219-hexa_705	-5.61	7.917 6.661 1.256 2.245609576 5.30334394904 2.96623245251
2020_Townsend_3220-hexa_706	-6.33	8.328 7.118 1.21 2.32770209 5.8826446281 3.05795145804
2020_Townsend_3221-hexa_707	-6.05	8.276 6.994 1.282 2.351964581 5.45553822153 2.97368423679
2020_Townsend_3222-hexa_708	-5.42	8.168 6.971 1.197 2.298342024 5.82372598162 3.03305597131
2020_Townsend_3223-hexa_709	-5.08	8.108 6.974 1.134 1.877016265 6.14991181658 3.71547126684
2020_Townsend_3224-hexa_710	-5.19	8.457 7.26 1.197 1.976355042 6.06516290727 3.67342903766
2020_Townsend_3225-hexa_711	-4.68	7.997 7.074 0.923 1.802445562 7.66413867822 3.92466776758
2020_Townsend_3226-hexa_712	-5.73	8.019 6.83 1.189 1.931226612 5.74432296047 3.53661240869
2020_Townsend_3227-hexa_713	-6.01	8.073 6.865 1.208 1.911932621 5.68294701987 3.59060770479
2020_Townsend_3228-hexa_714	-5.12	8.388 7.365 1.023 1.925052141 7.19941348974 3.82587039755
2020_Townsend_3229-hexa_715	-5.07	8.337 7.236 1.101 1.929166964 6.57220708447 3.75084175451
2020_Townsend_3230-hexa_716	-5.13	8.323 7.285 1.038 1.90826121 7.0183044316 3.81761153129
2020_Townsend_3231-hexa_717	-4.9	8.357 7.13 1.227 1.955979569 5.8109209454 3.64523234956
2020_Townsend_3232-hexa_718	-4.83	7.993 6.994 0.999 1.834088075 7.001001001 3.81333922582
2020_Townsend_3233-hexa_719	-4.88	7.877 6.789 1.088 1.849272655 6.23988970588 3.67117308616
2020_Townsend_3234-hexa_720	-6	8.387 7.306 1.081 1.958070487 6.75855689177 3.73122420695
2020_Townsend_3235-hexa_721	-5.78	8.219 7.315 0.904 1.86004079 8.09181415929 3.93270945418
2020_Townsend_3236-hexa_722	-5.73	8.241 7.152 1.089 1.900353689 6.56749311295 3.76350994102
2020_Townsend_3237-hexa_723	-5.76	8.376 7.073 1.303 2.010537001 5.42824251727 3.5179655965
2020_Townsend_3238-hexa_724	-5.09	8.252 7.242 1.01 1.906065145 7.1702970297 3.79945041175
2020_Townsend_3239-hexa_725	-5	8.3 7.194 1.106 1.948392177 6.50452079566 3.69227514097
2020_Townsend_3240-hexa_726	-5.11	8.355 7.357 0.998 1.886826565 7.37174348697 3.8991395057
2020_Townsend_3241-hexa_727	-4.94	7.952 6.897 1.055 1.870085135 6.53744075829 3.68806738844
2020_Townsend_3242-hexa_728	-5.86	8.326 7.326 1.0 1.904631125 7.326 3.84641409239
2020_Townsend_3243-hexa_729	-5.97	8.226 7.227 0.999 1.856991608 7.23423423423 3.89177849209
2020_Townsend_3244-hexa_730	-4.79	8.538 7.35 1.188 1.631197046 6.18686868687 4.50589339775
2020_Townsend_3245-hexa_731	-4.86	8.606 7.546 1.06 1.594983237 7.11886792453 4.73108420512
2020_Townsend_3246-hexa_732	-4.85	8.066 7.045 1.021 1.549561575 6.90009794319 4.54644727493
2020_Townsend_3247-hexa_733	-6.07	8.229 7.305 0.924 1.53469789 7.90584415584 4.75989447017
2020_Townsend_3248-hexa_734	-4.74	8.485 7.275 1.21 1.641004721 6.01239669421 4.43325964082
2020_Townsend_3249-hexa_735	-4.72	8.436 7.348 1.088 1.583941222 6.75367647059 4.63906103203
2020_Townsend_3250-hexa_736	-4.62	8.264 7.423 0.841 1.501092254 8.82639714625 4.94506582138
2020_Townsend_3251-hexa_737	-4.98	8.467 7.479 0.988 1.583661829 7.56983805668 4.72259914525
2020_Townsend_3252-hexa_738	-4	8.313 7.312 1.001 1.55951517 7.3046953047 4.68863666135
2020_Townsend_3253-hexa_739	-4	8.621 7.499 1.122 1.630200016 6.68360071301 4.60004902858
2020_Townsend_3254-hexa_740	-4	8.428 7.342 1.086 1.602397069 6.7605893186 4.58188556509
2020_Townsend_3255-hexa_741	-5	7.77 6.648 1.122 1.891872108 5.92513368984 3.51397960353
2020_Townsend_3256-hexa_742	-5.11	8.696 7.488 1.208 2.064712983 6.19867549669 3.62665419439
2020_Townsend_3257-hexa_743	-5.08	8.735 7.627 1.108 1.635669996 6.88357400722 4.66292101625
2020_Townsend_3258-hexa_744	-4.5	8.258 7.377 0.881 1.516734153 8.37343927355 4.86373962465
2020_Townsend_3259-hexa_745	-4	8.495 7.329 1.166 1.642463435 6.28559176672 4.4621997932
2020_Townsend_3260-hexa_746	-4.67	8.386 7.353 1.033 1.556992752 7.11810261375 4.72256533664
2020_Townsend_3261-hexa_747	-4.69	8.435 7.413 1.022 1.550749155 7.25342465753 4.7802702172
2020_Townsend_3262-hexa_748	-5.44	8.312 7.241 1.071 1.933830328 6.76097105509 3.74438227344
2020_Townsend_3263-hexa_749	-5.83	8.082 6.954 1.128 1.911057333 6.16489361702 3.63882332566
2020_Townsend_3264-hexa_750	-5.73	8.543 7.283 1.26 2.077639997 5.78015873016 3.50541961577
2020_Townsend_3265-hexa_751	-5.35	8.463 7.175 1.288 2.049134104 5.57065217391 3.50147898373
2020_Townsend_3266-hexa_752	-4	8.426 7.53 0.896 1.505127033 8.40401785714 5.00289997781
2020_Townsend_3267-hexa_753	-10	8.346 7.214 1.132 1.997164211 6.37279151943 3.61212160736
2020_Townsend_3268-hexa_754	-5.88	8.218 7.139 1.079 1.887352971 6.61631139944 3.78254630146
2020_Townsend_3269-hexa_755	-5.36	7.979 6.809 1.17 1.91316711 5.81965811966 3.55901999591
2020_Townsend_3270-hexa_756	-4	8.621 7.581 1.04 1.245273252 7.28942307692 6.0878204746
2020_Townsend_3271-hexa_757	-4.4	8.456 7.618 0.838 1.159626561 9.09069212411 6.5693562533
2020_Townsend_3272-hexa_758	-4	8.661 7.653 1.008 1.249100486 7.59226190476 6.12680892032
2020_Townsend_3273-hexa_759	-4	8.592 7.614 0.978 1.212629038 7.78527607362 6.27891940684
2020_Townsend_3274-hexa_760	-5.84	8.135 7.247 0.888 1.535456939 8.16103603604 4.71976765739
2020_Townsend_3275-hexa_761	-5.16	8.682 7.509 1.173 1.681987519 6.40153452685 4.46436130778
2020_Townsend_3276-hexa_762	-5.17	8.569 7.395 1.174 1.678404971 6.29897785349 4.40596883814
2020_Townsend_3277-hexa_763	-4.84	8.454 7.606 0.848 1.16544756 8.96933962264 6.52624816513
2020_Townsend_3278-hexa_764	-4	8.65 7.571 1.079 1.269082064 7.01668211307 5.96572925799
2020_Townsend_3279-hexa_765	-4.72	8.278 7.297 0.981 1.182015015 7.43832823649 6.17335643575
2020_Townsend_3280-hexa_766	-5.8	8.401 7.38 1.021 1.925571415 7.22820763957 3.83262856029
2020_Townsend_3281-hexa_767	-10	8.429 7.423 1.006 1.946636685 7.37872763419 3.81324366134
2020_Townsend_3282-hexa_768	-10	8.342 7.517 0.825 1.550531451 9.11151515152 4.84801517257
2020_Townsend_3283-hexa_769	-5.27	8.028 6.948 1.08 1.555133589 6.43333333333 4.46778337832
2020_Townsend_3284-hexa_770	-4.88	8.618 7.496 1.122 1.662644398 6.68092691622 4.50848059213
2020_Townsend_3285-hexa_771	-4.9	8.428 7.486 0.942 1.568932766 7.94692144374 4.77139630342
2020_Townsend_3286-hexa_772	-4.99	8.291 7.163 1.128 1.629944056 6.35017730496 4.39462935776
2020_Townsend_3287-hexa_773	-4.94	8.516 7.258 1.258 1.692439096 5.76947535771 4.28848519108
2020_Townsend_3288-hexa_774	-4.98	8.236 7.204 1.032 1.606151209 6.98062015504 4.48525640652
2020_Townsend_3289-hexa_775	-6.08	8.472 7.353 1.119 1.971935126 6.57104557641 3.72882449481
2020_Townsend_3290-hexa_776	-5.15	8.454 7.424 1.03 1.60467514 7.20776699029 4.62648159427
2020_Townsend_3291-hexa_777	-4.77	8.391 7.168 1.223 1.658917737 5.86099754702 4.32088936065
2020_Townsend_3292-hexa_778	-5.93	8.278 7.328 0.95 1.562532734 7.71368421053 4.68982174936
2020_Townsend_3293-hexa_779	-5.86	8.692 7.63 1.062 1.675617021 7.18455743879 4.55354648728
2020_Townsend_3294-hexa_780	-4.67	8.412 7.67 0.742 1.174246344 10.3369272237 6.53184916367
2020_Townsend_3295-hexa_781	-4.67	8.45 7.393 1.057 1.271116972 6.99432355724 5.81614451136
2020_Townsend_3296-hexa_782	-6.18	8.507 7.53 0.977 1.603097305 7.70726714432 4.69715716976
2020_Townsend_3297-hexa_783	-5.69	8.768 7.674 1.094 1.638895077 7.01462522852 4.68242299809
2020_Townsend_3298-hexa_784	-5.56	8.659 7.518 1.141 1.729982327 6.58895705521 4.34570913394
2020_Townsend_3299-hexa_785	-4	8.455 7.599 0.856 1.191591894 8.8773364486 6.3771833614
2020_Townsend_3300-hexa_786	-4.82	8.558 7.567 0.991 1.272214757 7.63572149344 5.94789516343
2020_Townsend_3301-hexa_787	-4.76	8.339 7.453 0.886 1.218915892 8.41196388262 6.1144497737
2020_Townsend_3302-hexa_788	-5.48	8.487 7.387 1.1 1.677382566 6.71545454545 4.4038850467
2020_Townsend_3303-hexa_789	-5.75	8.197 7.335 0.862 1.191375161 8.50928074246 6.15675082049
2020_Townsend_3304-hexa_790	-4.81	8.124 7.113 1.011 1.210295258 7.03560830861 5.87707830216
2020_Townsend_3305-hexa_791	-5.48	8.399 7.265 1.134 1.696768675 6.40652557319 4.28166791799
2020_Townsend_3306-hexa_792	-5.38	8.754 7.876 0.878 1.246943342 8.97038724374 6.31624528134
2020_Townsend_3307-hexa_793	-4.89	8.742 7.705 1.037 1.297077005 7.43008678881 5.94027954416
2020_Townsend_3308-hexa_794	-4.75	8.922 8.044 0.878 1.251912395 9.16173120729 6.42536972405
2020_Townsend_3309-hexa_795	-6.17	8.642 7.597 1.045 1.700372063 7.26985645933 4.46784569408
2020_Townsend_3310-hexa_796	-6.07	8.778 7.634 1.144 1.69657807 6.67307692308 4.49964557187
2020_Townsend_3311-hexa_797	-5.03	8.351 7.342 1.009 1.28181999 7.27651139742 5.7277933386
2020_Townsend_3312-hexa_798	-4.54	8.846 7.78 1.066 1.307018899 7.29831144465 5.95247704984
2020_Townsend_3313-hexa_799	-6.11	8.119 7.125 0.994 1.558858268 7.16800804829 4.57065285938
2020_Townsend_3314-hexa_800	-5.75	8.625 7.645 0.98 1.641617706 7.80102040816 4.65699168086
2020_Townsend_3315-hexa_801	-5.14	8.667 7.525 1.142 1.384463924 6.58931698774 5.43531678186
2020_Townsend_3316-hexa_802	-4.9	8.85 7.708 1.142 1.421986708 6.74956217163 5.42058512688
2020_Townsend_3317-hexa_803	-5.28	8.876 7.858 1.018 1.387722595 7.71905697446 5.66251499277
2020_Townsend_3318-hexa_804	-5.71	8.317 7.095 1.222 1.395569009 5.80605564648 5.08394780498
2020_Townsend_3319-hexa_805	-10	8.06 6.992 1.068 2.216089094 6.5468164794 3.15510780633
2020_Townsend_3320-hexa_806	-5.4	7.895 6.84 1.055 2.165560307 6.48341232227 3.15853591234
2020_Townsend_3321-hexa_807	-6.12	7.957 7.035 0.922 2.157967118 7.63015184382 3.26001260229
2020_Townsend_3322-hexa_808	-5.49	8.277 7.078 1.199 2.298903819 5.90325271059 3.07885868974
2020_Townsend_3323-hexa_809	-10	8.275 6.95 1.325 2.369168507 5.24528301887 2.93351864988
2020_Townsend_3324-hexa_810	-6.36	8.345 7.098 1.247 2.338270573 5.69206094627 3.03557684126
2020_Townsend_3325-hexa_811	-5.08	8.125 7.027 1.098 2.277830187 6.39981785064 3.08495340878
2020_Townsend_3326-hexa_812	-6.26	8.292 7.029 1.263 2.339484885 5.56532066508 3.00450754996
2020_Townsend_3327-hexa_813	-5.8	8.186 7.146 1.04 1.906580655 6.87115384615 3.74807117719
2020_Townsend_3328-hexa_814	-5.25	8.437 7.099 1.338 1.995578046 5.30568011958 3.55736525275
2020_Townsend_3329-hexa_815	-4.94	8.152 7.092 1.06 1.88607067 6.69056603774 3.76019844474
2020_Townsend_3330-hexa_816	-5.55	8.192 7.19 1.002 1.901802361 7.17564870259 3.78062418443
2020_Townsend_3331-hexa_817	-5.19	8.412 7.28 1.132 1.952344173 6.43109540636 3.72885073271
2020_Townsend_3332-hexa_818	-5.14	8.281 7.185 1.096 1.929646566 6.55565693431 3.723479795
2020_Townsend_3333-hexa_819	-5.16	8.238 7.149 1.089 1.900233264 6.56473829201 3.76216969539
2020_Townsend_3334-hexa_820	-5.05	8.19 7.139 1.051 1.907079832 6.79257849667 3.74341958853
2020_Townsend_3335-hexa_821	-4.97	8.297 7.184 1.113 1.917047018 6.45462713387 3.74743025734
2020_Townsend_3336-hexa_822	-5.38	8.474 7.377 1.097 1.982189534 6.72470373747 3.72164208995
2020_Townsend_3337-hexa_823	-5.28	8.239 7.153 1.086 1.915157433 6.58655616943 3.73494099062
2020_Townsend_3338-hexa_824	-5.37	8.492 7.376 1.116 1.971405988 6.60931899642 3.74149213551
2020_Townsend_3339-hexa_825	-5.02	8.287 7.204 1.083 1.929871688 6.65189289012 3.73289066045
2020_Townsend_3340-hexa_826	-5.13	8.37 7.223 1.147 1.936804747 6.2972972973 3.7293382367
2020_Townsend_3341-hexa_827	-5.02	8.242 7.148 1.094 1.92032245 6.53382084095 3.72229153495
2020_Townsend_3342-hexa_828	-5.16	8.305 7.092 1.213 1.947084864 5.84666117065 3.64236820445
2020_Townsend_3343-hexa_829	-5.4	8.116 7.043 1.073 1.889048307 6.56383970177 3.72833239568
2020_Townsend_3344-hexa_830	-5.79	8.358 7.235 1.123 1.885643089 6.44256455922 3.83688728912
2020_Townsend_3345-hexa_831	-4.79	8.493 7.484 1.009 1.559737373 7.41724479683 4.79824368484
2020_Townsend_3346-hexa_832	-4.82	8.262 7.216 1.046 1.511912566 6.89866156788 4.7727627657
2020_Townsend_3347-hexa_833	-5.7	8.477 7.435 1.042 1.601028914 7.13531669866 4.64388864872
2020_Townsend_3348-hexa_834	-4.96	8.578 7.446 1.132 1.60974883 6.5777385159 4.62556633758
2020_Townsend_3349-hexa_835	-4.86	8.478 7.348 1.13 1.591850693 6.50265486726 4.61601080573
2020_Townsend_3350-hexa_836	-4.78	8.275 7.336 0.939 1.534736915 7.81256656017 4.77997233813
2020_Townsend_3351-hexa_837	-5.21	8.46 7.498 0.962 1.570878491 7.79417879418 4.77312538364
2020_Townsend_3352-hexa_838	-4.85	8.627 7.393 1.234 1.673641501 5.99108589951 4.41731398007
2020_Townsend_3353-hexa_839	-5.77	8.6 7.455 1.145 2.047328447 6.51091703057 3.64133073563
2020_Townsend_3354-hexa_840	-5.07	8.221 7.089 1.132 1.92489372 6.26236749117 3.68280073146
2020_Townsend_3355-hexa_841	-4.86	8.438 7.516 0.922 1.561970328 8.15184381779 4.8118711766
2020_Townsend_3356-hexa_842	-4.75	8.503 7.413 1.09 1.615220173 6.80091743119 4.58946719705
2020_Townsend_3357-hexa_843	-4.85	8.638 7.489 1.149 1.639466561 6.51784160139 4.56794922089
2020_Townsend_3358-hexa_844	-4.81	8.414 7.37 1.044 1.554936135 7.05938697318 4.73974450404
2020_Townsend_3359-hexa_845	-4.8	8.366 7.531 0.835 1.486739257 9.01916167665 5.06544773372
2020_Townsend_3360-hexa_846	-4.73	8.252 7.344 0.908 1.48363284 8.08810572687 4.95001175628
2020_Townsend_3361-hexa_847	-4.81	8.562 7.52 1.042 1.568364707 7.21689059501 4.79480312611
2020_Townsend_3362-hexa_848	-10	8.213 7.096 1.117 1.958005892 6.3527305282 3.62409532525
2020_Townsend_3363-hexa_849	-5.97	8.457 7.307 1.15 2.029817411 6.35391304348 3.59983117713
2020_Townsend_3364-hexa_850	-5.69	8.164 7.008 1.156 1.958458969 6.06228373702 3.57832362635
2020_Townsend_3365-hexa_851	-4.77	8.34 7.382 0.958 1.513145701 7.70563674322 4.87857844431
2020_Townsend_3366-hexa_852	-5.78	8.281 7.036 1.245 1.975804298 5.65140562249 3.56108143257
2020_Townsend_3367-hexa_853	-5.77	8.439 7.201 1.238 2.021610902 5.81663974152 3.56201086612
2020_Townsend_3368-hexa_854	-5.22	8.327 7.215 1.112 1.97299486 6.48830935252 3.65687724093
2020_Townsend_3369-hexa_855	-4.8	8.661 7.722 0.939 1.215956986 8.22364217252 6.35055358776
2020_Townsend_3370-hexa_856	-4.76	8.609 7.771 0.838 1.174465843 9.27326968974 6.61662495024
2020_Townsend_3371-hexa_857	-6.22	8.239 7.159 1.08 1.612168709 6.6287037037 4.44060225213
2020_Townsend_3372-hexa_858	-5.13	8.31 7.303 1.007 1.588190776 7.25223435948 4.59831407559
2020_Townsend_3373-hexa_859	-5.3	8.436 7.429 1.007 1.572449074 7.37735849057 4.72447732829
2020_Townsend_3374-hexa_860	-5.26	8.261 7.157 1.104 1.943621835 6.48278985507 3.68230067759
2020_Townsend_3375-hexa_861	-4.94	8.446 7.557 0.889 1.547213656 8.5005624297 4.88426402565
2020_Townsend_3376-hexa_862	-4.77	8.567 7.522 1.045 1.238345704 7.1980861244 6.07423272492
2020_Townsend_3377-hexa_863	-4.85	8.562 7.689 0.873 1.18530408 8.80756013746 6.4869429961
2020_Townsend_3378-hexa_864	-5.89	8.326 7.23 1.096 1.94330014 6.59671532847 3.72047521182
2020_Townsend_3379-hexa_865	-5.26	8.664 7.563 1.101 1.645326637 6.86920980926 4.5966556609
2020_Townsend_3380-hexa_866	-5.09	8.594 7.475 1.119 1.64727532 6.6800714924 4.53779638974
2020_Townsend_3381-hexa_867	-5.14	8.299 7.486 0.813 1.500710667 9.20787207872 4.9883033183
2020_Townsend_3382-hexa_868	-4.73	8.453 7.331 1.122 1.660055187 6.53386809269 4.41611824559
2020_Townsend_3383-hexa_869	-4.77	8.676 7.655 1.021 1.247376251 7.49755142018 6.13688130896
2020_Townsend_3384-hexa_870	-5.96	8.254 7.26 0.994 1.895098564 7.30382293763 3.83093530749
2020_Townsend_3385-hexa_871	-5.07	8.388 7.289 1.099 1.651133874 6.63239308462 4.4145421003
2020_Townsend_3386-hexa_872	-5.07	8.443 7.345 1.098 1.637859849 6.68943533698 4.48451068905
2020_Townsend_3387-hexa_873	-4.93	8.449 7.39 1.059 1.574974147 6.97828139754 4.69214051169
2020_Townsend_3388-hexa_874	-5.66	8.545 7.513 1.032 1.653327281 7.28003875969 4.54416986058
2020_Townsend_3389-hexa_875	-5.29	8.861 7.531 1.33 1.771411462 5.66240601504 4.25141203021
2020_Townsend_3390-hexa_876	-4.97	8.347 7.358 0.989 1.231952135 7.43983822042 5.97263464298
2020_Townsend_3391-hexa_877	-5.01	8.513 7.529 0.984 1.242757446 7.65142276423 6.05830206388
2020_Townsend_3392-hexa_878	-5.51	8.579 7.467 1.112 1.629579141 6.71492805755 4.58216469034
2020_Townsend_3393-hexa_879	-5.3	8.31 7.294 1.016 1.231295235 7.17913385827 5.92384327712
2020_Townsend_3394-hexa_880	-5.42	8.945 7.698 1.247 1.753156702 6.17321571772 4.39093664087
2020_Townsend_3395-hexa_881	-4.94	8.524 7.583 0.941 1.255670286 8.05844845909 6.03900568847
2020_Townsend_3396-hexa_882	-5.43	8.498 7.507 0.991 1.619286524 7.5751765893 4.63599238846
2020_Townsend_3397-hexa_883	-4.85	8.759 7.772 0.987 1.290379043 7.87436676798 6.02303644201
2020_Townsend_3398-hexa_884	-4.85	8.393 7.45 0.943 1.215988514 7.90031813362 6.12670260798
2020_Townsend_3399-hexa_885	-4.94	8.177 7.095 1.082 1.242854919 6.5573012939 5.70863090417
2020_Townsend_3400-hexa_886	-5.49	8.48 7.351 1.129 1.705807164 6.51107174491 4.30939683872
2020_Townsend_3401-hexa_887	-5.22	8.834 7.765 1.069 1.326652837 7.263797942 5.85307609002
2020_Townsend_3402-hexa_888	-5.9	8.445 7.388 1.057 1.677203223 6.98959318827 4.4049521839
2020_Townsend_3403-hexa_889	-5.42	8.471 7.523 0.948 1.268659874 7.93565400844 5.92987935867
2020_Townsend_3404-hexa_890	-5.1	8.615 7.639 0.976 1.293235876 7.8268442623 5.90688840432
2020_Townsend_3405-hexa_891	-6.01	8.613 7.629 0.984 1.665759908 7.75304878049 4.5798917139
2020_Townsend_3406-hexa_892	-5.89	8.642 7.566 1.076 1.679322129 7.03159851301 4.50538932903
2020_Townsend_3407-hexa_893	-5.3	8.382 7.386 0.996 1.278721074 7.4156626506 5.77608373724
2020_Townsend_3408-hexa_894	-5.54	8.544 7.648 0.896 1.286338593 8.53571428571 5.94555744624
2020_Townsend_3409-hexa_895	-5.36	8.787 7.82 0.967 1.377146319 8.08686659772 5.67840896215
2020_Townsend_3410-hexa_896	-6.11	8.542 7.465 1.077 1.35371051 6.9312906221 5.51447295774
2020_Townsend_3411-hexa_897	-5.06	7.917 6.854 1.063 2.207616718 6.44778927563 3.10470560588
2020_Townsend_3412-hexa_898	-6.11	8.238 7.014 1.224 2.324656939 5.73039215686 3.01721939368
2020_Townsend_3413-hexa_899	-10	7.912 6.918 0.994 2.149229775 6.95975855131 3.21882754486
2020_Townsend_3414-hexa_900	-5.15	7.899 6.96 0.939 2.162002188 7.41214057508 3.21923818516
2020_Townsend_3415-hexa_901	-6.06	8.085 7.016 1.069 2.192479247 6.56314312442 3.20003028973
2020_Townsend_3416-hexa_902	-6.01	8.293 7.024 1.269 2.357534961 5.53506698188 2.97938317615
2020_Townsend_3417-hexa_903	-6.68	8.138 7.002 1.136 2.277515494 6.16373239437 3.07440279482
2020_Townsend_3418-hexa_904	-10	8.26 7.064 1.196 1.945346455 5.90635451505 3.63122979038
2020_Townsend_3419-hexa_905	-5.7	8.191 7.161 1.03 1.912795197 6.95242718447 3.74373587472
2020_Townsend_3420-hexa_906	-4.99	8.12 7.2 0.92 1.809454991 7.82608695652 3.97909869868
2020_Townsend_3421-hexa_907	-5.71	8.068 7.103 0.965 1.838293613 7.36062176166 3.86390941565
2020_Townsend_3422-hexa_908	-5.59	8.364 7.049 1.315 2.014695562 5.36045627376 3.49879164523
2020_Townsend_3423-hexa_909	-6.18	8.494 7.26 1.234 2.037437147 5.88330632091 3.56330010508
2020_Townsend_3424-hexa_910	-5.51	8.312 7.291 1.021 1.906647267 7.14103819785 3.82398995671
2020_Townsend_3425-hexa_911	-5.06	8.204 7.073 1.131 1.92567987 6.25375773652 3.67298849107
2020_Townsend_3426-hexa_912	-5.05	8.324 7.142 1.182 1.930241782 6.04230118443 3.70005460798
2020_Townsend_3427-hexa_913	-5.88	8.439 7.208 1.231 2.004715127 5.8554021121 3.59552332544
2020_Townsend_3428-hexa_914	-6.19	8.275 7.088 1.187 1.919662909 5.97135636057 3.69231491986
2020_Townsend_3429-hexa_915	-5.34	8.416 7.217 1.199 1.974350367 6.01918265221 3.65537957225
2020_Townsend_3430-hexa_916	-5.49	8.223 7.143 1.08 1.880161849 6.61388888889 3.79914101746
2020_Townsend_3431-hexa_917	-5.43	8.324 7.167 1.157 1.956328689 6.1944684529 3.66349481061
2020_Townsend_3432-hexa_918	-4.89	7.981 6.979 1.002 1.869040349 6.96506986028 3.73400178532
2020_Townsend_3433-hexa_919	-5.29	8.327 7.153 1.174 1.950730254 6.09284497445 3.66683193913
2020_Townsend_3434-hexa_920	-5.43	8.474 7.352 1.122 1.985774907 6.55258467023 3.70233301573
2020_Townsend_3435-hexa_921	-5.04	8.225 7.042 1.183 1.970590695 5.95266272189 3.57354777827
2020_Townsend_3436-hexa_922	-5.19	8.33 7.443 0.887 1.522879963 8.39120631342 4.8874502133
2020_Townsend_3437-hexa_923	-5.15	8.628 7.575 1.053 1.596812913 7.19373219373 4.7438243631
2020_Townsend_3438-hexa_924	-5.37	8.402 7.309 1.093 1.567587391 6.68709972553 4.66257896814
2020_Townsend_3439-hexa_925	-4.86	8.287 7.485 0.802 1.457451841 9.33291770574 5.13567569743
2020_Townsend_3440-hexa_926	-6.02	8.159 6.873 1.286 2.054851848 5.34447900467 3.34476668315
2020_Townsend_3441-hexa_927	-5.2	8.143 7.129 1.014 1.86791394 7.03057199211 3.81655698763
2020_Townsend_3442-hexa_928	-5.08	8.315 7.291 1.024 1.542333025 7.1201171875 4.72725402479
2020_Townsend_3443-hexa_929	-5.26	8.319 7.234 1.085 1.569831324 6.66728110599 4.6081383964
2020_Townsend_3444-hexa_930	-4.92	8.388 7.331 1.057 1.571523308 6.93566698202 4.66490058574
2020_Townsend_3445-hexa_931	-4.96	8.297 7.276 1.021 1.555812242 7.1263467189 4.67665686359
2020_Townsend_3446-hexa_932	-4.87	8.266 7.219 1.047 1.546507356 6.89493791786 4.66793770621
2020_Townsend_3447-hexa_933	-6.08	8.414 7.253 1.161 2.027136343 6.24720068906 3.57795371044
2020_Townsend_3448-hexa_934	-5.79	8.341 7.257 1.084 1.982260061 6.69464944649 3.66097271633
2020_Townsend_3449-hexa_935	-4.92	8.232 7.157 1.075 1.538149185 6.6576744186 4.65299469635
2020_Townsend_3450-hexa_936	-10	8.253 7.24 1.013 1.904050174 7.14708785785 3.80242080743
2020_Townsend_3451-hexa_937	-5.22	8.305 7.44 0.865 1.864887666 8.60115606936 3.98951643879
2020_Townsend_3452-hexa_938	-4.84	8.588 7.741 0.847 1.192807049 9.13931523022 6.48973361324
2020_Townsend_3453-hexa_939	-4.84	8.453 7.54 0.913 1.193522422 8.25848849945 6.31743473019
2020_Townsend_3454-hexa_940	-5.02	8.357 7.275 1.082 1.233850165 6.72365988909 5.89617783939
2020_Townsend_3455-hexa_941	-5.2	8.703 7.539 1.164 1.712177559 6.47680412371 4.40316482387
2020_Townsend_3456-hexa_942	-5.35	8.403 7.231 1.172 1.639194723 6.16979522184 4.41131239537
2020_Townsend_3457-hexa_943	-4.91	8.359 7.483 0.876 1.153715569 8.54223744292 6.48600071028
2020_Townsend_3458-hexa_944	-6.12	8.404 7.398 1.006 1.893266516 7.35387673956 3.90753226631
2020_Townsend_3459-hexa_945	-5.95	8.439 7.305 1.134 1.956601109 6.4417989418 3.73351520982
2020_Townsend_3460-hexa_946	-5.7	8.386 7.347 1.039 1.577536759 7.07122232916 4.65726073138
2020_Townsend_3461-hexa_947	-5.68	8.449 7.256 1.193 1.662217426 6.0821458508 4.36525323733
2020_Townsend_3462-hexa_948	-5.61	7.998 6.927 1.071 1.565350919 6.46778711485 4.42520582185
2020_Townsend_3463-hexa_949	-5.11	8.426 7.261 1.165 1.651410534 6.23261802575 4.39684733172
2020_Townsend_3464-hexa_950	-5.19	8.507 7.523 0.984 1.571616097 7.64532520325 4.7867924071
2020_Townsend_3465-hexa_951	-10	8.499 7.546 0.953 1.901394893 7.91815320042 3.968665335
2020_Townsend_3466-hexa_952	-5.31	8.233 7.172 1.061 1.567898727 6.75966069746 4.57427503224
2020_Townsend_3467-hexa_953	-5.56	8.425 7.269 1.156 1.650241016 6.28806228374 4.40481113336
2020_Townsend_3468-hexa_954	-5.23	8.382 7.391 0.991 1.580066707 7.45812310797 4.67765061263
2020_Townsend_3469-hexa_955	-5.75	8.377 7.447 0.93 1.566292834 8.00752688172 4.75453876717
2020_Townsend_3470-hexa_956	-5.53	8.403 7.352 1.051 1.624928114 6.99524262607 4.5245078454
2020_Townsend_3471-hexa_957	-5.18	8.333 7.493 0.84 1.2009909 8.92023809524 6.2390148002
2020_Townsend_3472-hexa_958	-10	8.483 7.408 1.075 1.659655 6.8911627907 4.4635782738
2020_Townsend_3473-hexa_959	-5.6	8.404 7.415 0.989 1.577017189 7.49747219414 4.70191450779
2020_Townsend_3474-hexa_960	-5.44	8.602 7.558 1.044 1.28239734 7.23946360153 5.89364915557
2020_Townsend_3475-hexa_961	-5.17	8.479 7.428 1.051 1.619804969 7.0675547098 4.58573725983
2020_Townsend_3476-hexa_962	-4.99	8.488 7.379 1.109 1.315619355 6.65374211001 5.60876515837
2020_Townsend_3477-hexa_963	-5.22	8.388 7.531 0.857 1.199908353 8.78763127188 6.27631267102
2020_Townsend_3478-hexa_964	-5.72	8.438 7.459 0.979 1.599954658 7.61899897855 4.66200711545
2020_Townsend_3479-hexa_965	-5.1	8.601 7.593 1.008 1.283220632 7.53273809524 5.91714301551
2020_Townsend_3480-hexa_966	-10	8.456 7.223 1.233 1.726246364 5.85806974858 4.18422315066
2020_Townsend_3481-hexa_967	-5.19	8.793 7.75 1.043 1.311517662 7.43048897411 5.90918462217
2020_Townsend_3482-hexa_968	-5.89	8.381 7.358 1.023 1.305985371 7.19257086999 5.63406004645
2020_Townsend_3483-hexa_969	-5.9	8.585 7.626 0.959 1.623836741 7.95203336809 4.69628492043
2020_Townsend_3484-hexa_970	-5.64	8.582 7.627 0.955 1.635228527 7.98638743455 4.66417988316
2020_Townsend_3485-hexa_971	-5.22	8.738 7.848 0.89 1.255967388 8.81797752809 6.24856988723
2020_Townsend_3486-hexa_972	-10	8.499 7.491 1.008 1.645429243 7.43154761905 4.5526114428
2020_Townsend_3487-hexa_973	-5.81	8.543 7.508 1.035 1.666309914 7.25410628019 4.50576446609
2020_Townsend_3488-hexa_974	-5.43	8.348 7.18 1.168 1.351433208 6.14726027397 5.31287817814
2020_Townsend_3489-hexa_975	-5.45	8.814 7.772 1.042 1.357471173 7.45873320537 5.72535178248
2020_Townsend_3490-hexa_976	-6.22	8.776 7.654 1.122 1.408126267 6.82174688057 5.43559209098
2020_Townsend_3491-hexa_977	-5.23	7.965 6.827 1.138 2.278256719 5.99912126538 2.99658942869
2020_Townsend_3492-hexa_978	-6.55	8.253 7.178 1.075 2.258561233 6.67720930233 3.17812946363
2020_Townsend_3493-hexa_979	-6.13	8.149 7.12 1.029 2.230044017 6.91933916424 3.19276209157
2020_Townsend_3494-hexa_980	-5.26	8.115 7.001 1.114 2.21137974 6.28456014363 3.1658967808
2020_Townsend_3495-hexa_981	-6.39	8.086 6.994 1.092 2.261477545 6.40476190476 3.09266833777
2020_Townsend_3496-hexa_982	-6.12	8.304 7.151 1.153 2.291904341 6.20208152645 3.12011276914
2020_Townsend_3497-hexa_983	-6.41	7.975 6.967 1.008 2.196973893 6.91170634921 3.1711801502
2020_Townsend_3498-hexa_984	-7.2	7.941 7.022 0.919 2.145607727 7.640914037 3.27273243456
2020_Townsend_3499-hexa_985	-5.97	8.371 7.342 1.029 1.901252489 7.13508260447 3.86166489852
2020_Townsend_3500-hexa_986	-5.86	8.073 7.082 0.991 1.866941782 7.14631685166 3.79336949244
2020_Townsend_3501-hexa_987	-5.52	8.32 7.258 1.062 1.930116452 6.83427495292 3.76039486761
2020_Townsend_3502-hexa_988	-5.76	8.18 7.111 1.069 1.914095971 6.65201122544 3.71506972886
2020_Townsend_3503-hexa_989	-5.25	8.213 7.129 1.084 1.904459439 6.57656826568 3.74331941863
2020_Townsend_3504-hexa_990	-5.18	8.432 7.369 1.063 1.940379607 6.93226716839 3.79771049614
2020_Townsend_3505-hexa_991	-5.51	8.254 7.034 1.22 1.917090531 5.76557377049 3.66910163409
2020_Townsend_3506-hexa_992	-5.18	8.343 7.283 1.06 1.915190564 6.87075471698 3.80275474248
2020_Townsend_3507-hexa_993	-5.2	8.219 7.156 1.063 1.836308472 6.73189087488 3.89694874751
2020_Townsend_3508-hexa_994	-5.72	8.302 7.177 1.125 1.890889912 6.37955555556 3.79556734343
2020_Townsend_3509-hexa_995	-5.53	8.202 7.119 1.083 1.875994153 6.57340720222 3.79478794676
2020_Townsend_3510-hexa_996	-5.41	8.41 7.358 1.052 1.903167622 6.99429657795 3.86618599168
2020_Townsend_3511-hexa_997	-5.46	8.419 7.379 1.04 1.92875054 7.09519230769 3.82579283685
2020_Townsend_3512-hexa_998	-4.96	7.994 7.071 0.923 1.828106942 7.66088840737 3.8679356429
2020_Townsend_3513-hexa_999	-5.1	8.185 7.155 1.03 1.87000699 6.94660194175 3.82618890638
2020_Townsend_3514-hexa_1000	-5.29	8.021 6.875 1.146 1.92590723 5.99912739965 3.56974619177
2020_Townsend_3515-hexa_1001	-5.4	8.308 7.27 1.038 1.897297493 7.00385356455 3.83176598653
2020_Townsend_3516-hexa_1002	-5.41	8.097 7.175 0.922 1.845949575 7.78199566161 3.88688840539
2020_Townsend_3517-hexa_1003	-4.83	8.223 7.305 0.918 1.486604536 7.95751633987 4.91388249067
2020_Townsend_3518-hexa_1004	-5.25	8.458 7.424 1.034 1.592873379 7.17988394584 4.66075966733
2020_Townsend_3519-hexa_1005	-4.95	8.301 7.352 0.949 1.541568386 7.74710221286 4.76916889758
2020_Townsend_3520-hexa_1006	-5.05	8.406 7.44 0.966 1.541044471 7.70186335404 4.82789441837
2020_Townsend_3521-hexa_1007	-5.09	8.395 7.279 1.116 1.580504013 6.52240143369 4.60549289349
2020_Townsend_3522-hexa_1008	-5.04	8.458 7.277 1.181 1.604926263 6.1617273497 4.53416469514
2020_Townsend_3523-hexa_1009	-5.06	8.328 7.152 1.176 1.604132318 6.08163265306 4.45848507617
2020_Townsend_3524-hexa_1010	-6.04	8.316 7.139 1.177 1.963473161 6.06542056075 3.63590404076
2020_Townsend_3525-hexa_1011	-5.63	8.197 7.167 1.03 1.907922146 6.95825242718 3.756442586
2020_Townsend_3526-hexa_1012	-5.55	8.373 7.295 1.078 1.567975523 6.76716141002 4.65249609639
2020_Townsend_3527-hexa_1013	-4.96	8.455 7.54 0.915 1.539252145 8.24043715847 4.89848269791
2020_Townsend_3528-hexa_1014	-4.84	8.42 7.307 1.113 1.59185442 6.56513926325 4.59024387419
2020_Townsend_3529-hexa_1015	-4.91	8.429 7.373 1.056 1.583105842 6.98200757576 4.65730073403
2020_Townsend_3530-hexa_1016	-4.82	8.535 7.478 1.057 1.601083693 7.07473982971 4.67058657377
2020_Townsend_3531-hexa_1017	-4.89	8.367 7.54 0.827 1.468210071 9.11729141475 5.13550489057
2020_Townsend_3532-hexa_1018	-5.04	8.298 7.177 1.121 1.565529069 6.40231935772 4.58439267728
2020_Townsend_3533-hexa_1019	-10	8.497 7.322 1.175 2.003570653 6.2314893617 3.65447556792
2020_Townsend_3534-hexa_1020	-5.28	8.399 7.247 1.152 2.003360959 6.29079861111 3.61742099817
2020_Townsend_3535-hexa_1021	-5.69	8.205 7.146 1.059 1.93095906 6.74787535411 3.70075168761
2020_Townsend_3536-hexa_1022	-5.47	8.454 7.597 0.857 1.538241522 8.86464410735 4.93875629499
2020_Townsend_3537-hexa_1023	-4.87	8.368 7.369 0.999 1.557408577 7.37637637638 4.7315778973
2020_Townsend_3538-hexa_1024	-4.85	8.244 7.31 0.934 1.499033849 7.82655246253 4.87647427366
2020_Townsend_3539-hexa_1025	-6.46	8.111 7.205 0.906 1.815827156 7.95253863135 3.96788867057
2020_Townsend_3540-hexa_1026	-5.83	8.335 7.255 1.08 1.959571338 6.71759259259 3.70234033297
2020_Townsend_3541-hexa_1027	-4.9	8.28 7.491 0.789 1.126995732 9.49429657795 6.64687521638
2020_Townsend_3542-hexa_1028	-5.06	8.409 7.317 1.092 1.237812749 6.70054945055 5.91123334762
2020_Townsend_3543-hexa_1029	-5.09	8.361 7.399 0.962 1.561230247 7.69126819127 4.73921128176
2020_Townsend_3544-hexa_1030	-5.26	8.222 7.143 1.079 1.555265136 6.62001853568 4.59278603671
2020_Townsend_3545-hexa_1031	-4.87	8.49 7.572 0.918 1.193257537 8.24836601307 6.34565445028
2020_Townsend_3546-hexa_1032	-4.97	8.285 7.273 1.012 1.185680396 7.18675889328 6.13403074263
2020_Townsend_3547-hexa_1033	-10	8.216 6.981 1.235 1.977578386 5.65263157895 3.5300749894
2020_Townsend_3548-hexa_1034	-6.33	8.482 7.53 0.952 1.902937252 7.90966386555 3.95704061817
2020_Townsend_3549-hexa_1035	-5.95	8.291 7.282 1.009 1.568554299 7.21704658077 4.64249149975
2020_Townsend_3550-hexa_1036	-5.3	8.481 7.371 1.11 1.674262218 6.64054054054 4.40253618624
2020_Townsend_3551-hexa_1037	-5.21	8.309 7.294 1.015 1.582930741 7.18620689655 4.60790848966
2020_Townsend_3552-hexa_1038	-5.21	8.496 7.623 0.873 1.55185227 8.73195876289 4.91219438046
2020_Townsend_3553-hexa_1039	-5.25	8.375 7.355 1.02 1.615910487 7.21078431373 4.55161350778
2020_Townsend_3554-hexa_1040	-5.52	8.404 7.287 1.117 1.608135812 6.52372426141 4.53133370056
2020_Townsend_3555-hexa_1041	-5.55	8.378 7.419 0.959 1.571397541 7.7361835245 4.72127504748
2020_Townsend_3556-hexa_1042	-4.81	8.645 7.666 0.979 1.238775674 7.8304392237 6.18836820976
2020_Townsend_3557-hexa_1043	-6.17	8.234 7.096 1.138 1.954368241 6.23550087873 3.63084082679
2020_Townsend_3558-hexa_1044	-5.14	8.543 7.596 0.947 1.580406068 8.02111932418 4.80635967794
2020_Townsend_3559-hexa_1045	-4.9	8.212 7.195 1.017 1.567930551 7.07472959685 4.58885120608
2020_Townsend_3560-hexa_1046	-5.22	8.33 7.338 0.992 1.572233788 7.39717741935 4.66724481817
2020_Townsend_3561-hexa_1047	-5.66	8.8 7.539 1.261 1.692139396 5.97858842189 4.45530670689
2020_Townsend_3562-hexa_1048	-5.49	8.586 7.483 1.103 1.301311349 6.78422484134 5.75035329228
2020_Townsend_3563-hexa_1049	-5.09	8.252 7.24 1.012 1.219985668 7.15415019763 5.93449594524
2020_Townsend_3564-hexa_1050	-5.43	8.349 7.468 0.881 1.211780429 8.47673098751 6.16283265621
2020_Townsend_3565-hexa_1051	-6.22	8.445 7.376 1.069 1.662705103 6.89990645463 4.43614444118
2020_Townsend_3566-hexa_1052	-5.72	8.421 7.257 1.164 1.69504486 6.23453608247 4.28130261992
2020_Townsend_3567-hexa_1053	-5.58	8.604 7.626 0.978 1.28263593 7.79754601227 5.94556866967
2020_Townsend_3568-hexa_1054	-5.4	8.77 7.64 1.13 1.333952975 6.7610619469 5.7273383269
2020_Townsend_3569-hexa_1055	-5.59	8.608 7.552 1.056 1.667175465 7.15151515152 4.52981714195
2020_Townsend_3570-hexa_1056	-5.99	8.608 7.641 0.967 1.62277341 7.90175801448 4.70860562104
2020_Townsend_3571-hexa_1057	-5.31	8.588 7.472 1.116 1.365335177 6.69534050179 5.47264886005
2020_Townsend_3572-hexa_1058	-5.19	8.836 7.92 0.916 1.251997972 8.64628820961 6.32588884098
2020_Townsend_3573-hexa_1059	-5.45	8.453 7.495 0.958 1.292519497 7.8235908142 5.79875198587
2020_Townsend_3574-hexa_1060	-10	8.859 7.721 1.138 1.378884309 6.78471001757 5.59945453698
2020_Townsend_3575-hexa_1061	-10	8.763 7.784 0.979 1.314504226 7.95097037794 5.92162417285
2020_Townsend_3576-hexa_1062	-6.28	8.356 7.436 0.92 1.275233039 8.08260869565 5.83109108107
